Time	P_mech	P_ver	P_El	n	T	C	R	TL
0.000000	0.000000	0.000000	0.000000	0.100000	292.000000	0.000000	0.000000	292.000000
0.000000	0.000000	0.000000	0.000000	0.100000	292.000000	0.000000	0.000000	292.000000
0.000001	0.003045	0.027408	0.030454	0.100000	292.000000	0.000000	0.000000	292.000000
0.000008	0.018272	0.164449	0.182721	0.100000	292.000000	0.000000	0.000000	292.000000
0.000042	0.094401	0.849613	0.944015	0.100000	292.000000	0.000000	0.000000	292.000000
0.000211	0.474942	4.274478	4.749420	0.100000	292.000000	0.000000	0.000000	292.000000
0.001058	2.374991	21.374915	23.749906	0.100000	292.000003	0.000000	0.000005	292.000000
0.005289	11.809216	106.282947	118.092163	0.100000	292.000077	0.000009	0.000130	292.000000
0.026447	57.371300	516.341700	573.713000	0.100000	292.001878	0.000362	0.003181	292.000000
0.132238	249.648799	991.096356	1240.745155	0.201209	292.043427	0.016373	0.073581	292.000000
0.490212	614.036237	152.837819	766.874056	0.800700	292.066010	0.027461	0.111853	292.000003
0.957660	788.989448	131.856688	920.846137	0.856809	292.083576	0.036784	0.141629	292.000005
1.514008	857.388511	133.150451	990.538962	0.865578	292.103695	0.048078	0.175740	292.000007
2.172047	882.900185	132.808844	1015.709029	0.869245	292.127779	0.062337	0.216583	292.000010
2.874408	891.344236	133.323163	1024.667399	0.869886	292.152792	0.077888	0.259012	292.000012
2.874408	891.344236	133.323163	1024.667399	0.869886	292.152792	0.077886	0.259007	292.000015
3.659548	719.036378	107.490822	826.527200	0.869949	292.177802	0.094103	0.301445	292.000015
4.854159	659.934239	92.963861	752.898099	0.876525	292.208492	0.114812	0.353531	292.000019
6.320769	649.594898	90.435778	740.030675	0.877795	292.244458	0.140101	0.414594	292.000023
8.339695	649.067280	90.311560	739.378840	0.877855	292.293445	0.176117	0.497799	292.000028
11.008435	656.010361	91.982100	747.992461	0.877028	292.357899	0.225935	0.607337	292.000035
12.978220	653.184886	91.292597	744.477483	0.877374	292.404304	0.263322	0.686238	292.000045
14.948004	651.253994	90.829186	742.083180	0.877602	292.451705	0.302704	0.766876	292.000052
17.191154	653.342323	91.330654	744.672976	0.877355	292.505302	0.348574	0.858103	292.000060
19.558994	660.270378	93.049354	753.319732	0.876481	292.560481	0.397172	0.952074	292.000069
21.720886	662.832511	93.708646	756.541157	0.876135	292.611583	0.443339	1.039147	292.000079
23.613501	655.661439	91.896191	747.557629	0.877071	292.656039	0.484354	1.114930	292.000088
25.480801	651.422406	90.869363	742.291769	0.877583	292.700311	0.525951	1.190438	292.000096
27.594114	651.592483	90.909983	742.502466	0.877563	292.750854	0.574312	1.276682	292.000104
29.967697	656.729265	92.159800	748.889064	0.876938	292.805899	0.627990	1.370660	292.000114
32.275273	664.364082	94.109450	758.473531	0.875923	292.859615	0.681337	1.462418	292.000125
34.267122	659.686940	92.901107	752.588048	0.876558	292.906481	0.728625	1.542513	292.000135
36.084957	652.607511	91.153385	743.760896	0.877443	292.948697	0.771796	1.614695	292.000145
38.049838	650.805348	90.722376	741.527723	0.877655	292.995379	0.820145	1.694551	292.000153
40.339011	653.424186	91.350459	744.774645	0.877345	293.049306	0.876773	1.786851	292.000163
42.752712	662.163086	93.535061	755.698147	0.876227	293.104581	0.935645	1.881508	292.000174
44.901415	664.428439	94.126405	758.554844	0.875914	293.154842	0.989879	1.967622	292.000186
46.745836	655.291622	91.805376	747.096998	0.877117	293.197508	1.036427	2.040756	292.000197
48.584871	650.908109	90.746812	741.654921	0.877643	293.240642	1.083952	2.114728	292.000206
50.722023	651.339612	90.849605	742.189217	0.877592	293.290976	1.139986	2.201092	292.000215
53.151673	657.635425	92.385146	750.020571	0.876823	293.346250	1.202213	2.295981	292.000226
55.476075	666.869234	94.776443	761.645678	0.875564	293.399739	1.263101	2.387855	292.000239
57.429885	659.985723	92.976940	752.962663	0.876519	293.445156	1.315305	2.465901	292.000251
59.204692	652.088573	91.028734	743.117307	0.877504	293.485736	1.362333	2.535665	292.000261
61.167602	650.436311	90.634757	741.071068	0.877698	293.531638	1.415959	2.614618	292.000271
63.502823	653.555599	91.382275	744.937874	0.877329	293.585783	1.479790	2.707800	292.000281
65.958722	664.260468	94.082171	758.342639	0.875937	293.641045	1.545556	2.802951	292.000294
68.091757	665.974739	94.536617	760.511356	0.875693	293.690329	1.604727	2.887853	292.000307
69.890974	654.934628	91.717940	746.652569	0.877161	293.731278	1.654254	2.958427	292.000319
71.705813	650.495723	90.648849	741.144571	0.877691	293.773264	1.705376	3.030822	292.000329
73.866522	651.144717	90.803140	741.947857	0.877615	293.823277	1.766712	3.117103	292.000339
76.347643	658.582546	92.622336	751.204883	0.876702	293.878603	1.835108	3.212598	292.000351
78.684825	669.400729	95.465637	764.866366	0.875187	293.931542	1.901077	3.304021	292.000364
80.603402	660.202982	93.032194	753.235176	0.876490	293.975568	1.956319	3.380084	292.000378
82.341032	651.676037	90.929956	742.605992	0.877553	294.014691	2.005700	3.447709	292.000389
84.303682	650.157707	90.568751	740.726458	0.877730	294.059774	2.062937	3.525672	292.000398
86.679524	653.698368	91.416874	745.115243	0.877312	294.113922	2.132146	3.619360	292.000410
89.170650	666.298712	94.623261	760.921973	0.875647	294.168983	2.203026	3.714677	292.000423
91.288741	667.328491	94.900314	762.228805	0.875496	294.218135	2.266724	3.799808	292.000438
93.050131	654.648617	91.648052	746.296669	0.877196	294.257540	2.318073	3.868085	292.000450
94.845823	650.196861	90.578020	740.774881	0.877725	294.298410	2.371600	3.938934	292.000460
97.026212	651.001708	90.769084	741.770792	0.877632	294.347948	2.436836	4.024851	292.000471
99.549340	659.425567	92.834915	752.260482	0.876592	294.403072	2.509881	4.120507	292.000484
101.895935	671.649630	96.091452	767.741083	0.874839	294.455630	2.579962	4.211757	292.000498
103.786154	660.371437	93.075102	753.446539	0.876468	294.498391	2.637286	4.286029	292.000512
105.494757	651.386546	90.860804	742.247350	0.877587	294.536254	2.688275	4.351823	292.000524
107.457346	649.963486	90.522808	740.486294	0.877752	294.580486	2.748115	4.428721	292.000534
109.864378	653.812139	91.444471	745.256610	0.877298	294.634350	2.821376	4.522414	292.000546
112.382256	668.000710	95.082542	763.083252	0.875397	294.688968	2.896088	4.617465	292.000560
114.488887	668.405948	95.192929	763.598877	0.875336	294.736770	2.961822	4.700694	292.000575
116.222200	654.460498	91.602162	746.062660	0.877219	294.774851	3.014419	4.767025	292.000588
118.003666	649.999935	90.531425	740.531361	0.877748	294.814671	3.069639	4.836417	292.000599
120.197750	650.898518	90.744531	741.643049	0.877644	294.863562	3.137741	4.921659	292.000610
122.751337	660.053087	92.994063	753.047150	0.876510	294.918208	3.214244	5.016983	292.000623
124.621840	653.704929	91.418465	745.123394	0.877311	294.958605	3.271052	5.087478	292.000638
126.492344	650.464573	90.641460	741.106033	0.877694	295.000029	3.329535	5.159800	292.000650
128.717466	651.908880	90.985674	742.894554	0.877525	295.049211	3.399270	5.245710	292.000661
131.190452	660.465237	93.099019	753.564255	0.876455	295.101732	3.474086	5.337498	292.000675
133.449711	668.082934	95.104907	763.187842	0.875385	295.150757	3.544242	5.423217	292.000690
135.322273	657.869660	92.443647	750.313307	0.876793	295.191517	3.602804	5.494515	292.000704
137.088026	651.163452	90.807604	741.971057	0.877613	295.229774	3.657962	5.561464	292.000716
139.124191	650.472515	90.643343	741.115858	0.877693	295.274444	3.722604	5.639672	292.000727
141.542315	655.235806	91.791691	747.027497	0.877124	295.326479	3.798219	5.730822	292.000739
143.977363	667.581717	94.968831	762.550548	0.875459	295.378091	3.873543	5.821273	292.000754
146.017315	664.299004	94.092314	758.391318	0.875932	295.422573	3.938721	5.899263	292.000769
147.767122	653.313827	91.323762	744.637589	0.877358	295.459826	3.993489	5.964605	292.000782
149.623905	650.140328	90.564638	740.704966	0.877732	295.500210	4.053053	6.035471	292.000793
151.878929	651.823947	90.965340	742.789286	0.877535	295.549105	4.125433	6.121316	292.000805
154.396423	661.805775	93.442797	755.248572	0.876275	295.601455	4.203236	6.213269	292.000819
156.656144	670.215500	95.690862	765.906362	0.875062	295.650435	4.276318	6.299345	292.000835
158.493190	657.799677	92.426158	750.225834	0.876802	295.689776	4.335216	6.368509	292.000849
160.230292	650.829633	90.728149	741.557782	0.877652	295.726842	4.390874	6.433702	292.000861
162.274167	650.266171	90.594434	740.860605	0.877717	295.770786	4.457066	6.511027	292.000872
164.732434	655.580343	91.876256	747.456599	0.877081	295.822623	4.535428	6.602287	292.000885
167.190798	669.776810	95.569385	765.346196	0.875129	295.873889	4.613218	6.692583	292.000901
169.210336	665.037208	94.287252	759.324459	0.875827	295.917905	4.680238	6.770146	292.000916
170.927729	653.034522	91.256289	744.290810	0.877392	295.953748	4.734970	6.833330	292.000930
172.774153	649.916876	90.511791	740.428667	0.877758	295.993123	4.795263	6.902773	292.000940
175.051979	651.762168	90.950556	742.712724	0.877543	296.041529	4.869617	6.988183	292.000952
177.603482	662.907709	93.728206	756.635915	0.876125	296.093455	4.949656	7.079848	292.000967
179.863390	671.959285	96.178624	768.137909	0.874790	296.141701	5.024276	7.165055	292.000983
181.674055	657.765697	92.417669	750.183366	0.876807	296.179802	5.083379	7.232373	292.000998
183.389912	650.610236	90.676025	741.286260	0.877677	296.215785	5.139338	7.295975	292.001010
185.438863	650.124538	90.560900	740.685438	0.877734	296.258932	5.206622	7.372275	292.001021
187.925992	655.825797	91.936631	747.762428	0.877051	296.310302	5.286981	7.463160	292.001034
190.401469	671.481681	96.044270	767.525951	0.874865	296.360963	5.366494	7.552833	292.001050
192.406928	665.605156	94.438073	760.043229	0.875746	296.404203	5.434562	7.629402	292.001066
194.101549	652.865375	91.215490	744.080865	0.877412	296.438853	5.489245	7.690783	292.001079
195.940143	649.774713	90.478209	740.252922	0.877774	296.477263	5.550010	7.758858	292.001090
198.232680	651.709969	90.938070	742.648039	0.877549	296.524981	5.625708	7.843467	292.001102
200.807671	663.670514	93.927309	757.597823	0.876020	296.576249	5.707287	7.934413	292.001117
202.601191	653.866322	91.457621	745.323943	0.877291	296.612545	5.765191	7.998819	292.001134
204.394710	649.857999	90.497879	740.355878	0.877764	296.649738	5.824669	8.064851	292.001145
206.623683	651.085665	90.789074	741.874739	0.877622	296.695780	5.898488	8.146630	292.001157
209.195804	661.330211	93.320415	754.650626	0.876340	296.746578	5.980169	8.236898	292.001171
211.035119	653.726410	91.423674	745.150084	0.877308	296.783385	6.039500	8.302325	292.001188
212.874434	650.181646	90.574418	740.756064	0.877727	296.821187	6.100578	8.369553	292.001200
215.103996	651.560072	90.902239	742.462311	0.877567	296.866887	6.174602	8.450865	292.001212
217.619770	660.925844	93.216723	754.142568	0.876394	296.916201	6.254701	8.538648	292.001226
219.905850	670.468110	95.761037	766.229147	0.875023	296.962685	6.330408	8.621429	292.001242
221.761865	658.529469	92.608999	751.138468	0.876708	297.000298	6.391811	8.688436	292.001257
223.492405	651.014099	90.772034	741.786133	0.877630	297.035043	6.448652	8.750359	292.001269
225.510649	650.181628	90.574413	740.756041	0.877727	297.076042	6.515874	8.823463	292.001281
227.950482	654.969340	91.726432	746.695772	0.877157	297.124828	6.596064	8.910490	292.001294
230.425602	669.072057	95.375261	764.447318	0.875236	297.173306	6.675960	8.997006	292.001310
232.472938	665.953578	94.530966	760.484544	0.875696	297.215664	6.745942	9.072633	292.001326
234.197286	653.455835	91.358119	744.813954	0.877341	297.249659	6.802221	9.133347	292.001340
236.024293	649.951854	90.520058	740.471911	0.877754	297.286453	6.863258	9.199092	292.001351
238.274849	651.476872	90.882366	742.359238	0.877576	297.331615	6.938345	9.279826	292.001363
240.825540	661.912536	93.470337	755.382873	0.876261	297.380490	7.019807	9.367235	292.001378
242.655772	653.818861	91.446102	745.264963	0.877297	297.416071	7.079235	9.430887	292.001394
244.486003	650.143434	90.565373	740.708807	0.877731	297.452615	7.140395	9.496293	292.001406
246.711123	651.450378	90.876040	742.326418	0.877579	297.496919	7.214702	9.575623	292.001418
249.234045	660.832171	93.192751	754.024922	0.876406	297.544886	7.295345	9.661552	292.001433
251.530279	670.963466	95.899129	766.862595	0.874946	297.590369	7.371992	9.743065	292.001449
253.387345	658.807829	92.679009	751.486838	0.876672	297.626969	7.433795	9.808681	292.001464
255.110483	651.030193	90.775865	741.806058	0.877629	297.660538	7.490583	9.868887	292.001476
257.120334	650.118695	90.559518	740.678213	0.877734	297.700188	7.557788	9.940031	292.001488
259.559854	654.802760	91.685700	746.488460	0.877177	297.747620	7.638358	10.025177	292.001501
262.045229	669.179664	95.404820	764.584484	0.875220	297.794811	7.718704	10.109925	292.001517
264.099743	666.447244	94.663067	761.110311	0.875625	297.836208	7.789336	10.184299	292.001533
265.821397	653.575470	91.387089	744.962558	0.877327	297.869163	7.845664	10.243525	292.001547
267.639407	649.931108	90.515154	740.446263	0.877756	297.904715	7.906540	10.307449	292.001558
269.883319	651.365470	90.855775	742.221245	0.877589	297.948433	7.981544	10.386088	292.001570
272.439058	661.719339	93.420518	755.139858	0.876287	297.995910	8.063172	10.471524	292.001585
274.272536	653.793666	91.439988	745.233654	0.877300	298.030473	8.122705	10.533739	292.001601
276.106013	650.160664	90.569451	740.730114	0.877729	298.066009	8.184024	10.597736	292.001613
278.332188	651.487929	90.885006	742.372936	0.877575	298.109035	8.258408	10.675256	292.001625
280.852063	660.844383	93.195875	754.040258	0.876405	298.155479	8.338867	10.758968	292.001640
283.144887	670.763208	95.843225	766.606434	0.874977	298.199491	8.415268	10.838329	292.001656
285.002118	658.715029	92.655652	751.370681	0.876684	298.234993	8.477007	10.902367	292.001671
286.728140	651.029427	90.775683	741.805110	0.877629	298.267618	8.533835	10.961240	292.001684
288.740687	650.142191	90.565078	740.707269	0.877732	298.306153	8.601072	11.030808	292.001695
291.179760	654.853557	91.698116	746.551673	0.877171	298.352136	8.681456	11.113855	292.001708
293.661383	669.112887	95.386474	764.499361	0.875230	298.397826	8.761491	11.196408	292.001724
295.713782	666.270013	94.615576	760.885588	0.875651	298.437973	8.831947	11.268973	292.001740
297.436777	653.539215	91.378307	744.917522	0.877331	298.469950	8.888153	11.326791	292.001754
299.257925	649.940825	90.517451	740.458276	0.877755	298.504511	8.948998	11.389307	292.001765
301.503753	651.402990	90.864728	742.267718	0.877585	298.546971	9.023877	11.466144	292.001777
304.057363	661.769562	93.433462	755.203024	0.876280	298.592937	9.105094	11.549360	292.001792
305.890106	653.802413	91.442111	745.244524	0.877299	298.626434	9.164373	11.610018	292.001808
307.722848	650.158142	90.568854	740.726996	0.877730	298.660902	9.225468	11.672464	292.001820
309.948581	651.478902	90.882851	742.361753	0.877576	298.702640	9.299576	11.748114	292.001832
312.468958	660.833553	93.193104	754.026657	0.876406	298.747646	9.379631	11.829719	292.001847
314.762638	670.799947	95.853473	766.653420	0.874972	298.790367	9.455759	11.907212	292.001863
316.620037	658.738801	92.661633	751.400434	0.876681	298.824813	9.517236	11.969714	292.001878
318.345499	651.031533	90.776184	741.807717	0.877628	298.856438	9.573762	12.027121	292.001890
320.357321	650.137328	90.563927	740.701255	0.877732	298.893809	9.640659	12.094986	292.001901
322.796280	654.838874	91.694526	746.533400	0.877173	298.938403	9.720621	12.176000	292.001915
325.278715	669.116993	95.387601	764.504595	0.875230	298.982688	9.800172	12.256487	292.001931
327.331766	666.310083	94.626307	760.936389	0.875645	299.021683	9.870336	12.327384	292.001946
329.054605	653.549994	91.380918	744.930912	0.877330	299.052677	9.926183	12.383753	292.001960
330.875017	649.939553	90.517150	740.456703	0.877755	299.086189	9.986650	12.444726	292.001971
333.120236	651.393777	90.862530	742.256307	0.877586	299.127361	10.061056	12.519668	292.001983
335.674197	661.751024	93.428683	755.179707	0.876283	299.171883	10.141651	12.600740	292.001998
337.507270	653.800359	91.441612	745.241972	0.877299	299.204345	10.200497	12.659866	292.002014
339.340344	650.160146	90.569328	740.729474	0.877730	299.237780	10.261195	12.720793	292.002026
341.566151	651.482668	90.883750	742.366418	0.877576	299.278261	10.334794	12.794587	292.002038
344.086185	660.833426	93.193072	754.026498	0.876406	299.321836	10.414149	12.874055	292.002053
346.379530	670.778089	95.847376	766.625465	0.874975	299.363247	10.489685	12.949605	292.002068
348.236981	658.729814	92.659372	751.389185	0.876683	299.396644	10.550687	13.010553	292.002083
349.962754	651.031791	90.776246	741.808037	0.877628	299.427303	10.606760	13.066524	292.002095
351.974833	650.139824	90.564518	740.704342	0.877732	299.463546	10.673139	13.132718	292.002107
354.413708	654.843538	91.695666	746.539204	0.877172	299.506764	10.752414	13.211683	292.002120
356.895753	669.108247	95.385199	764.493446	0.875231	299.549650	10.831203	13.290070	292.002136
358.948617	666.291994	94.621462	760.913456	0.875648	299.587486	10.900820	13.359253	292.002151
360.671619	653.546739	91.380129	744.926869	0.877330	299.617518	10.956145	13.414181	292.002165
362.492349	649.940717	90.517426	740.458143	0.877755	299.650016	11.016092	13.473645	292.002176
364.737733	651.397516	90.863422	742.260938	0.877586	299.689936	11.089832	13.546719	292.002188
367.291452	661.754911	93.429685	755.184596	0.876282	299.733028	11.169553	13.625630	292.002203
369.124479	653.801245	91.441827	745.243072	0.877299	299.764468	11.227788	13.683216	292.002218
370.957507	650.160141	90.569327	740.729468	0.877730	299.796882	11.287906	13.742612	292.002230
373.183264	651.482048	90.883602	742.365650	0.877576	299.836123	11.360787	13.814549	292.002242
375.703308	660.831857	93.192670	754.024528	0.876406	299.878298	11.439233	13.891894	292.002256
377.996717	670.779455	95.847757	766.627212	0.874975	299.918438	11.514001	13.965532	292.002272
379.854201	658.731615	92.659825	751.391440	0.876682	299.950806	11.574369	14.024932	292.002287
381.579949	651.032138	90.776328	741.808466	0.877628	299.980509	11.629830	14.079459	292.002299
383.591970	650.139573	90.564459	740.704032	0.877732	300.015639	11.695507	14.143975	292.002310
386.030813	654.842270	91.695356	746.537626	0.877172	300.057510	11.773897	14.220902	292.002323
388.512905	669.107279	95.384933	764.492212	0.875231	300.099027	11.851735	14.297206	292.002338
390.565829	666.294507	94.622135	760.916641	0.875647	300.135735	11.920648	14.364693	292.002354
392.288838	653.547702	91.380362	744.928064	0.877330	300.164819	11.975310	14.418180	292.002368
394.109519	649.940743	90.517432	740.458174	0.877755	300.196316	12.034577	14.476129	292.002378
396.354845	651.396865	90.863267	742.260132	0.877586	300.235002	12.107465	14.547332	292.002390
398.908571	661.752954	93.429181	755.182135	0.876283	300.276695	12.186126	14.624097	292.002405
400.741638	653.801109	91.441794	745.242903	0.877299	300.307133	12.243613	14.680150	292.002420
402.574705	650.160427	90.569395	740.729822	0.877730	300.338545	12.303014	14.738023	292.002432
404.800464	651.482477	90.883704	742.366181	0.877576	300.376571	12.375012	14.808110	292.002443
407.320461	660.831560	93.192594	754.024154	0.876406	300.417372	12.452365	14.883339	292.002458
409.613833	670.776575	95.846953	766.623528	0.874975	300.456261	12.526193	14.955068	292.002473
411.471330	658.730651	92.659582	751.390233	0.876682	300.487620	12.585790	15.012924	292.002488
413.197119	651.032237	90.776352	741.808589	0.877628	300.516386	12.640520	15.066015	292.002500
415.209165	650.139886	90.564533	740.704418	0.877732	300.550425	12.705356	15.128863	292.002511
417.647991	654.842711	91.695464	746.538175	0.877172	300.590974	12.782691	15.203760	292.002523
420.130036	669.105855	95.384542	764.490398	0.875231	300.631149	12.859409	15.277990	292.002539
422.182944	666.292368	94.621562	760.913931	0.875647	300.666747	12.927471	15.343786	292.002554
423.905977	653.547408	91.380291	744.927699	0.877330	300.694902	12.981356	15.395839	292.002568
425.726695	649.940914	90.517472	740.458386	0.877755	300.725418	13.039826	15.452281	292.002578
427.972035	651.397284	90.863367	742.260651	0.877586	300.762897	13.111718	15.521626	292.002590
430.525727	661.753160	93.429234	755.182394	0.876283	300.803218	13.189158	15.596256	292.002604
432.358795	653.801211	91.441819	745.243030	0.877299	300.832672	13.245782	15.650783	292.002619
434.191862	650.160478	90.569407	740.729884	0.877730	300.863102	13.304349	15.707142	292.002631
436.417614	651.482464	90.883701	742.366166	0.877576	300.899936	13.375325	15.775389	292.002642
438.937603	660.831282	93.192523	754.023806	0.876406	300.939391	13.451439	15.848515	292.002656
441.230978	670.776256	95.846864	766.623120	0.874975	300.977057	13.524190	15.918350	292.002672
443.088483	658.730736	92.659604	751.390340	0.876682	301.007426	13.582907	15.974672	292.002686
444.814275	651.032304	90.776368	741.808672	0.877628	301.035275	13.636804	16.026336	292.002698
446.826318	650.139906	90.564537	740.704443	0.877732	301.068244	13.700680	16.087524	292.002708
449.265136	654.842608	91.695439	746.538047	0.877172	301.107500	13.776822	16.160406	292.002721
451.747179	669.105463	95.384434	764.489897	0.875231	301.146360	13.852285	16.232576	292.002736
453.800093	666.292346	94.621556	760.913902	0.875647	301.180872	13.919380	16.296694	292.002751
455.523132	653.547493	91.380312	744.927805	0.877330	301.208117	13.972396	16.347323	292.002765
457.343848	649.940948	90.517480	740.458428	0.877755	301.237673	14.029967	16.402269	292.002775
459.589182	651.397266	90.863362	742.260628	0.877586	301.273969	14.100741	16.469768	292.002786
462.142870	661.752917	93.429171	755.182089	0.876283	301.312946	14.176831	16.542279	292.002801
463.975943	653.801210	91.441819	745.243029	0.877299	301.341438	14.232499	16.595292	292.002816
465.809016	650.160527	90.569418	740.729946	0.877730	301.370906	14.290137	16.650148	292.002827
468.034767	651.482524	90.883715	742.366239	0.877576	301.406576	14.359977	16.716569	292.002838
470.554749	660.831190	93.192500	754.023690	0.876406	301.444713	14.434730	16.787610	292.002852
472.848119	670.775787	95.846734	766.622520	0.874975	301.481181	14.506291	16.855566	292.002867
474.705626	658.730614	92.659573	751.390187	0.876682	301.510582	14.564037	16.910366	292.002881
476.431425	651.032331	90.776374	741.808705	0.877628	301.537532	14.617018	16.960614	292.002893
478.443471	650.139954	90.564549	740.704503	0.877732	301.569456	14.679838	17.020158	292.002903
480.882286	654.842653	91.695450	746.538103	0.877172	301.607446	14.754674	17.091042	292.002916
483.364321	669.105189	95.384359	764.489548	0.875231	301.645019	14.828769	17.161170	292.002930
485.417234	666.292036	94.621473	760.913509	0.875648	301.678469	14.894801	17.223623	292.002945
487.140277	653.547467	91.380305	744.927772	0.877330	301.704824	14.946870	17.272841	292.002958
488.960999	649.940979	90.517487	740.458466	0.877755	301.733441	15.003462	17.326304	292.002969
491.206334	651.397322	90.863376	742.260698	0.877586	301.768580	15.073019	17.391974	292.002980
493.760016	661.752903	93.429168	755.182071	0.876283	301.806244	15.147653	17.462387	292.002994
495.593090	653.801224	91.441822	745.243047	0.877299	301.833794	15.202288	17.513900	292.003008
497.426164	650.160544	90.569422	740.729966	0.877730	301.862323	15.258920	17.567266	292.003019
499.651914	651.482532	90.883718	742.366250	0.877576	301.896852	15.327530	17.631880	292.003031
502.171893	660.831134	93.192485	754.023619	0.876406	301.933701	15.400822	17.700856	292.003044
504.465263	670.775657	95.846697	766.622355	0.874975	301.968999	15.471102	17.766951	292.003059
506.322772	658.730604	92.659571	751.390175	0.876682	301.997454	15.527803	17.820244	292.003073
508.048572	651.032345	90.776377	741.808722	0.877628	302.023526	15.579800	17.869090	292.003084
510.060618	650.139965	90.564552	740.704517	0.877732	302.054427	15.641486	17.927006	292.003094
512.499431	654.842646	91.695448	746.538095	0.877172	302.091179	15.714923	17.995912	292.003107
514.981465	669.105084	95.384330	764.489414	0.875231	302.127496	15.787561	18.064021	292.003121
517.034378	666.291977	94.621458	760.913435	0.875648	302.159909	15.852451	18.124827	292.003136
518.757423	653.547474	91.380307	744.927781	0.877330	302.185394	15.903511	18.172648	292.003148
520.578146	649.940989	90.517490	740.458479	0.877755	302.213093	15.959056	18.224643	292.003159
522.823480	651.397330	90.863377	742.260707	0.877586	302.247101	16.027316	18.288504	292.003170
525.377161	661.752866	93.429158	755.182024	0.876283	302.283482	16.100407	18.356841	292.003183
527.210236	653.801227	91.441823	745.243050	0.877299	302.310113	16.153948	18.406872	292.003198
529.043311	650.160554	90.569425	740.729978	0.877730	302.337723	16.209510	18.458764	292.003208
531.269060	651.482542	90.883720	742.366262	0.877576	302.371139	16.276816	18.521591	292.003219
533.789038	660.831111	93.192479	754.023590	0.876406	302.406730	16.348568	18.588525	292.003233
536.082406	670.775567	95.846672	766.622239	0.874975	302.440886	16.417490	18.652781	292.003247
537.939916	658.730585	92.659566	751.390150	0.876682	302.468416	16.473086	18.704585	292.003261
539.665718	651.032351	90.776379	741.808730	0.877628	302.493630	16.524046	18.752046	292.003272
541.677764	650.139974	90.564554	740.704528	0.877732	302.523533	16.584534	18.808352	292.003282
544.116576	654.842652	91.695450	746.538101	0.877172	302.559078	16.656498	18.875304	292.003294
546.598609	669.105026	95.384314	764.489340	0.875231	302.594168	16.727604	18.941417	292.003308
548.651522	666.291923	94.621443	760.913365	0.875648	302.625567	16.791289	19.000595	292.003322
550.374568	653.547471	91.380307	744.927778	0.877330	302.650203	16.841290	19.047037	292.003335
552.195292	649.940995	90.517491	740.458486	0.877755	302.677006	16.895736	19.097582	292.003345
554.440626	651.397339	90.863380	742.260719	0.877586	302.709911	16.962634	19.159656	292.003356
556.994305	661.752858	93.429156	755.182013	0.876283	302.745040	17.034114	19.225944	292.003369
558.827381	653.801229	91.441824	745.243053	0.877299	302.770773	17.086511	19.274510	292.003383
560.660456	650.160558	90.569426	740.729983	0.877729	302.797488	17.140952	19.324948	292.003394
562.886205	651.482545	90.883721	742.366266	0.877576	302.829818	17.206893	19.386009	292.003404
565.406182	660.831098	93.192476	754.023575	0.876406	302.864181	17.277041	19.450929	292.003417
567.699551	670.775532	95.846663	766.622195	0.874975	302.897221	17.344546	19.513368	292.003431
569.557061	658.730580	92.659565	751.390144	0.876682	302.923850	17.398990	19.563703	292.003445
571.282863	651.032354	90.776380	741.808734	0.877628	302.948228	17.448869	19.609796	292.003456
573.294910	650.139978	90.564555	740.704532	0.877732	302.977157	17.508108	19.664515	292.003466
575.733721	654.842652	91.695450	746.538101	0.877172	303.011523	17.578539	19.729537	292.003477
578.215753	669.105000	95.384307	764.489308	0.875231	303.045416	17.648057	19.793682	292.003491
580.268666	666.291904	94.621438	760.913342	0.875648	303.075827	17.710485	19.851254	292.003505
581.991713	653.547472	91.380307	744.927779	0.877330	303.099635	17.759389	19.896335	292.003517
583.812437	649.940998	90.517492	740.458490	0.877755	303.125564	17.812692	19.945450	292.003527
586.057771	651.397342	90.863380	742.260722	0.877586	303.157394	17.878177	20.005762	292.003538
588.611450	661.752851	93.429154	755.182005	0.876283	303.191301	17.947993	20.070029	292.003551
590.444525	653.801230	91.441824	745.243054	0.877299	303.216159	17.999207	20.117151	292.003565
592.277601	650.160560	90.569426	740.729986	0.877729	303.242000	18.052488	20.166154	292.003575
594.503350	651.482547	90.883721	742.366269	0.877576	303.273271	18.117017	20.225475	292.003585
597.023327	660.831093	93.192475	754.023568	0.876406	303.306437	18.185510	20.288409	292.003598
599.316695	670.775513	95.846657	766.622170	0.874975	303.338390	18.251552	20.349059	292.003612
601.174206	658.730576	92.659564	751.390140	0.876682	303.364140	18.304806	20.397944	292.003625
602.900008	651.032356	90.776380	741.808736	0.877628	303.387702	18.353570	20.442690	292.003636
604.912054	650.139979	90.564555	740.704534	0.877732	303.415682	18.411521	20.495843	292.003645
607.350866	654.842652	91.695450	746.538102	0.877172	303.448900	18.480374	20.558966	292.003657
609.832898	669.104987	95.384304	764.489291	0.875231	303.481626	18.548259	20.621171	292.003670
611.885811	666.291893	94.621435	760.913328	0.875648	303.511075	18.609391	20.677160	292.003684
613.608857	653.547472	91.380307	744.927779	0.877330	303.534076	18.657167	20.720901	292.003696
615.429582	649.940999	90.517492	740.458491	0.877755	303.559153	18.709295	20.768607	292.003705
617.674916	651.397344	90.863381	742.260725	0.877586	303.589934	18.773328	20.827183	292.003716
620.228594	661.752848	93.429154	755.182002	0.876283	303.622652	18.841438	20.889459	292.003729
622.061670	653.801231	91.441824	745.243055	0.877299	303.646657	18.891439	20.935159	292.003742
623.894746	650.160561	90.569426	740.729987	0.877729	303.671647	18.943530	20.982751	292.003752
626.120495	651.482548	90.883721	742.366270	0.877576	303.701886	19.006610	21.040358	292.003762
628.640471	660.831090	93.192474	754.023564	0.876406	303.733886	19.073412	21.101336	292.003775
630.933839	670.775505	95.846655	766.622160	0.874975	303.764780	19.137954	21.160224	292.003788
632.791350	658.730575	92.659563	751.390138	0.876682	303.789674	19.189991	21.207683	292.003801
634.517152	651.032357	90.776380	741.808737	0.877628	303.812442	19.237615	21.251102	292.003811
636.529199	650.139980	90.564555	740.704535	0.877732	303.839497	19.294248	21.302715	292.003821
638.968010	654.842652	91.695450	746.538102	0.877172	303.871596	19.361487	21.363967	292.003832
641.450042	669.104981	95.384302	764.489284	0.875231	303.903187	19.427707	21.424264	292.003845
643.502955	666.291889	94.621434	760.913322	0.875648	303.931697	19.487513	21.478696	292.003859
645.226002	653.547472	91.380307	744.927779	0.877330	303.953912	19.534138	21.521118	292.003870
647.046726	649.941000	90.517492	740.458492	0.877755	303.978161	19.585068	21.567438	292.003880
649.292060	651.397345	90.863381	742.260726	0.877586	304.007921	19.647618	21.624306	292.003890
651.845739	661.752847	93.429153	755.182000	0.876283	304.039480	19.713993	21.684625	292.003902
653.678815	653.801231	91.441824	745.243055	0.877299	304.062656	19.762760	21.728926	292.003915
655.511890	650.160561	90.569426	740.729988	0.877729	304.086816	19.813638	21.775128	292.003925
657.737639	651.482549	90.883721	742.366270	0.877576	304.116051	19.875242	21.831050	292.003935
660.257616	660.831089	93.192474	754.023563	0.876406	304.146916	19.940327	21.890106	292.003947
662.550984	670.775501	95.846654	766.622154	0.874975	304.176779	20.003343	21.947261	292.003960
664.408495	658.730574	92.659563	751.390137	0.876682	304.200840	20.054142	21.993318	292.003973
666.134297	651.032357	90.776380	741.808737	0.877628	304.222834	20.100608	22.035433	292.003983
668.146344	650.139981	90.564555	740.704536	0.877732	304.248990	20.155901	22.085531	292.003992
670.585155	654.842653	91.695450	746.538103	0.877172	304.280000	20.221503	22.144945	292.004003
673.067187	669.104978	95.384301	764.489280	0.875231	304.310485	20.286034	22.203366	292.004016
675.120100	666.291886	94.621433	760.913319	0.875648	304.338083	20.344492	22.256268	292.004029
676.843147	653.547472	91.380307	744.927779	0.877330	304.359533	20.389951	22.297393	292.004041
678.663871	649.941000	90.517492	740.458492	0.877755	304.382975	20.439664	22.342352	292.004050
680.909205	651.397345	90.863381	742.260726	0.877586	304.411742	20.500711	22.397540	292.004060
683.462883	661.752846	93.429153	755.181999	0.876283	304.442173	20.565331	22.455936	292.004072
685.295959	653.801231	91.441824	745.243055	0.877299	304.464541	20.612850	22.498864	292.004084
687.129035	650.160562	90.569427	740.729988	0.877729	304.487896	20.662499	22.543701	292.004094
689.354784	651.482549	90.883722	742.366270	0.877576	304.516153	20.722610	22.597967	292.004104
691.874760	660.831088	93.192474	754.023562	0.876406	304.545914	20.785960	22.655135	292.004116
694.168128	670.775499	95.846653	766.622152	0.874975	304.574775	20.847433	22.710588	292.004128
696.025639	658.730574	92.659563	751.390137	0.876682	304.598024	20.896979	22.755267	292.004141
697.751441	651.032357	90.776380	741.808737	0.877628	304.619267	20.942276	22.796102	292.004150
699.763488	650.139981	90.564555	740.704536	0.877732	304.644547	20.996215	22.844713	292.004159
702.202299	654.842653	91.695450	746.538103	0.877172	304.674499	21.060163	22.902322	292.004170
704.684331	669.104977	95.384301	764.489278	0.875231	304.703908	21.122990	22.958901	292.004183
706.737244	666.291885	94.621433	760.913318	0.875648	304.730618	21.180087	23.010300	292.004195
708.460291	653.547472	91.380307	744.927779	0.877330	304.751325	21.224370	23.050153	292.004207
710.281015	649.941000	90.517492	740.458493	0.877755	304.773982	21.272856	23.093774	292.004215
712.526349	651.397345	90.863381	742.260726	0.877586	304.801783	21.332388	23.147316	292.004225
715.080028	661.752846	93.429153	755.181999	0.876283	304.831118	21.395241	23.203824	292.004237
716.913104	653.801231	91.441824	745.243055	0.877299	304.852701	21.441502	23.245404	292.004249
718.746179	650.160562	90.569427	740.729988	0.877729	304.875271	21.489913	23.288901	292.004258
720.971928	651.482549	90.883722	742.366270	0.877576	304.902578	21.548520	23.341543	292.004268
723.491905	660.831088	93.192474	754.023562	0.876406	304.931266	21.610125	23.396858	292.004280
725.785273	670.775498	95.846653	766.622151	0.874975	304.959152	21.670045	23.450641	292.004292
727.642784	658.730574	92.659563	751.390137	0.876682	304.981613	21.718331	23.493969	292.004304
729.368586	651.032357	90.776380	741.808737	0.877628	305.002125	21.762451	23.533548	292.004313
731.380633	650.139981	90.564555	740.704536	0.877732	305.026554	21.815029	23.580700	292.004322
733.819444	654.842653	91.695450	746.538103	0.877172	305.055476	21.877314	23.636538	292.004333
736.301476	669.104976	95.384301	764.489277	0.875231	305.083841	21.938432	23.691311	292.004345
738.354389	666.291885	94.621433	760.913317	0.875648	305.109688	21.994158	23.741236	292.004357
740.077436	653.547472	91.380307	744.927779	0.877330	305.129672	22.037261	23.779841	292.004368
741.898160	649.941000	90.517492	740.458493	0.877755	305.151566	22.084514	23.822151	292.004377
744.143494	651.397345	90.863381	742.260726	0.877586	305.178429	22.142524	23.874077	292.004386
746.697172	661.752846	93.429153	755.181999	0.876283	305.206699	22.203606	23.928735	292.004398
748.530248	653.801231	91.441824	745.243055	0.877299	305.227519	22.248607	23.968993	292.004410
750.363324	650.160562	90.569427	740.729988	0.877729	305.249327	22.295776	24.011177	292.004419
752.589073	651.482549	90.883722	742.366270	0.877576	305.275711	22.352873	24.062225	292.004428
755.109049	660.831088	93.192473	754.023561	0.876406	305.303355	22.412731	24.115725	292.004439
757.402417	670.775497	95.846653	766.622150	0.874975	305.330294	22.471094	24.167872	292.004451
759.259928	658.730574	92.659563	751.390137	0.876682	305.351989	22.518118	24.209876	292.004463
760.985730	651.032357	90.776380	741.808738	0.877628	305.371791	22.561059	24.248222	292.004472
762.997777	650.139981	90.564555	740.704536	0.877732	305.395394	22.612273	24.293944	292.004481
765.436588	654.842653	91.695450	746.538103	0.877172	305.423316	22.672894	24.348048	292.004491
767.918620	669.104976	95.384301	764.489277	0.875231	305.450665	22.732301	24.401051	292.004503
769.971533	666.291884	94.621433	760.913317	0.875648	305.475674	22.786655	24.449532	292.004515
771.694580	653.547472	91.380307	744.927779	0.877330	305.494956	22.828577	24.486914	292.004526
773.515304	649.941000	90.517492	740.458493	0.877755	305.516110	22.874597	24.527940	292.004534
775.760638	651.397345	90.863381	742.260727	0.877586	305.542060	22.931084	24.578283	292.004543
778.314317	661.752846	93.429153	755.181999	0.876283	305.569296	22.990397	24.631129	292.004554
780.147393	653.801231	91.441824	745.243055	0.877299	305.589374	23.034139	24.670091	292.004566
781.980468	650.160562	90.569427	740.729988	0.877729	305.610443	23.080066	24.710989	292.004575
784.206217	651.482549	90.883722	742.366271	0.877576	305.635930	23.135655	24.760478	292.004584
786.726194	660.831088	93.192473	754.023561	0.876406	305.662561	23.193769	24.812199	292.004595
789.019562	670.775497	95.846653	766.622150	0.874975	305.688580	23.250577	24.862743	292.004607
790.877073	658.730573	92.659563	751.390137	0.876682	305.709532	23.296341	24.903450	292.004618
792.602875	651.032357	90.776380	741.808738	0.877628	305.728644	23.338105	24.940591	292.004627
794.614922	650.139981	90.564555	740.704536	0.877732	305.751444	23.387958	24.984913	292.004635
797.053733	654.842653	91.695450	746.538103	0.877172	305.778396	23.446918	25.037318	292.004645
799.535765	669.104976	95.384301	764.489277	0.875231	305.804759	23.504619	25.088589	292.004657
801.588678	666.291884	94.621433	760.913317	0.875648	305.828955	23.557603	25.135655	292.004668
803.311725	653.547472	91.380307	744.927779	0.877330	305.847555	23.598349	25.171841	292.004679
805.132449	649.941000	90.517492	740.458493	0.877755	305.867989	23.643138	25.211609	292.004687
807.377783	651.397345	90.863381	742.260727	0.877586	305.893055	23.698107	25.260403	292.004696
809.931461	661.752846	93.429153	755.181998	0.876283	305.919286	23.755659	25.311475	292.004707
811.764537	653.801231	91.441824	745.243055	0.877299	305.938645	23.798147	25.349171	292.004718
813.597613	650.160562	90.569427	740.729988	0.877729	305.958995	23.842836	25.388810	292.004727
815.823362	651.482549	90.883722	742.366271	0.877576	305.983612	23.896923	25.436772	292.004735
818.343338	660.831088	93.192473	754.023561	0.876406	306.009260	23.953302	25.486754	292.004746
820.636706	670.775497	95.846653	766.622150	0.874975	306.034386	24.008561	25.535729	292.004757
822.494217	658.730573	92.659563	751.390136	0.876682	306.054616	24.053070	25.575168	292.004768
824.220019	651.032357	90.776380	741.808738	0.877628	306.073059	24.093665	25.611129	292.004777
826.232066	650.139981	90.564555	740.704536	0.877732	306.095080	24.142162	25.654082	292.004785
828.670877	654.842653	91.695450	746.538103	0.877172	306.121089	24.199470	25.704825	292.004795
831.152909	669.104976	95.384301	764.489277	0.875231	306.146496	24.255475	25.754401	292.004806
833.205822	666.291884	94.621433	760.913317	0.875648	306.169902	24.307097	25.800084	292.004817
834.928869	653.547472	91.380307	744.927779	0.877330	306.187841	24.346672	25.835100	292.004828
836.749593	649.941000	90.517492	740.458493	0.877755	306.207577	24.390238	25.873638	292.004835
838.994927	651.397345	90.863381	742.260727	0.877586	306.231784	24.443698	25.920917	292.004844
841.548606	661.752846	93.429153	755.181998	0.876283	306.257040	24.499501	25.970255	292.004855
843.381682	653.801231	91.441824	745.243055	0.877299	306.275701	24.540743	26.006712	292.004866
845.214757	650.160562	90.569427	740.729988	0.877729	306.295355	24.584204	26.045120	292.004874
847.440506	651.482549	90.883722	742.366271	0.877576	306.319127	24.636797	26.091589	292.004883
849.960483	660.831088	93.192473	754.023561	0.876406	306.343821	24.691454	26.139870	292.004893
852.253851	670.775497	95.846653	766.622150	0.874975	306.368081	24.745177	26.187313	292.004904
854.111362	658.730573	92.659563	751.390136	0.876682	306.387612	24.788440	26.225511	292.004915
855.837164	651.032357	90.776380	741.808738	0.877628	306.405405	24.827873	26.260320	292.004923
857.849211	650.139981	90.564555	740.704536	0.877732	306.426670	24.875024	26.301933	292.004931
860.288022	654.842653	91.695450	746.538103	0.877172	306.451766	24.930694	26.351052	292.004940
862.770054	669.104976	95.384301	764.489277	0.875231	306.476244	24.985018	26.398972	292.004951
864.822967	666.291884	94.621433	760.913317	0.875648	306.498885	25.035286	26.443304	292.004962
866.546014	653.547472	91.380307	744.927779	0.877330	306.516182	25.073701	26.477176	292.004972
868.366738	649.941000	90.517492	740.458493	0.877755	306.535242	25.116054	26.514512	292.004980
870.612072	651.397345	90.863381	742.260727	0.877586	306.558615	25.168018	26.560311	292.004988
873.165750	661.752846	93.429153	755.181998	0.876283	306.582927	25.222088	26.607954	292.004999
874.998826	653.801231	91.441824	745.243055	0.877299	306.600911	25.262096	26.643200	292.005009
876.831902	650.160562	90.569427	740.729988	0.877729	306.619889	25.304338	26.680406	292.005017
879.057651	651.482549	90.883722	742.366271	0.877576	306.642842	25.355453	26.725417	292.005026
881.577627	660.831088	93.192473	754.023561	0.876406	306.666611	25.408406	26.772037	292.005036
883.870995	670.775497	95.846653	766.622149	0.874975	306.690031	25.460605	26.817982	292.005046
885.728506	658.730573	92.659563	751.390136	0.876682	306.708883	25.502634	26.854968	292.005057
887.454308	651.032357	90.776380	741.808738	0.877628	306.726046	25.540917	26.888651	292.005065
889.466355	650.139981	90.564555	740.704536	0.877732	306.746579	25.586736	26.928957	292.005073
891.905166	654.842653	91.695450	746.538103	0.877172	306.770788	25.640784	26.976490	292.005082
894.387198	669.104976	95.384301	764.489277	0.875231	306.794367	25.693445	27.022792	292.005093
896.440111	666.291884	94.621433	760.913317	0.875648	306.816265	25.742373	27.065804	292.005103
898.163158	653.547472	91.380307	744.927779	0.877330	306.832940	25.779640	27.098559	292.005113
899.983882	649.941000	90.517492	740.458493	0.877755	306.851344	25.820793	27.134722	292.005120
902.229216	651.397345	90.863381	742.260727	0.877586	306.873910	25.871277	27.179075	292.005128
904.782895	661.752846	93.429153	755.181998	0.876283	306.897305	25.923634	27.225064	292.005138
906.615971	653.801231	91.441824	745.243055	0.877299	306.914633	25.962422	27.259128	292.005149
908.449046	650.160562	90.569427	740.729988	0.877729	306.932956	26.003459	27.295161	292.005156
910.674795	651.482549	90.883722	742.366271	0.877576	306.955115	26.053111	27.338748	292.005165
913.194772	660.831088	93.192473	754.023561	0.876406	306.977988	26.104380	27.383746	292.005174
915.488140	670.775497	95.846653	766.622149	0.874975	307.000594	26.155074	27.428229	292.005185
917.345651	658.730573	92.659563	751.390136	0.876682	307.018787	26.195884	27.464033	292.005195
919.071453	651.032357	90.776380	741.808738	0.877628	307.035341	26.233031	27.496616	292.005203
921.083500	650.139981	90.564555	740.704536	0.877732	307.055163	26.277534	27.535646	292.005210
923.522311	654.842653	91.695450	746.538103	0.877172	307.078514	26.329979	27.581631	292.005219
926.004343	669.104976	95.384301	764.489277	0.875231	307.101221	26.380997	27.626355	292.005229
928.057256	666.291884	94.621433	760.913317	0.875648	307.122399	26.428601	27.668078	292.005240
929.780303	653.547472	91.380307	744.927779	0.877330	307.138472	26.464736	27.699744	292.005249
931.601027	649.941000	90.517492	740.458493	0.877755	307.156239	26.504704	27.734762	292.005256
933.846361	651.397345	90.863381	742.260727	0.877586	307.178023	26.553726	27.777704	292.005264
936.400039	661.752846	93.429153	755.181998	0.876283	307.200530	26.604394	27.822079	292.005274
938.233115	653.801231	91.441824	745.243055	0.877299	307.217222	26.641978	27.854991	292.005284
940.066191	650.160562	90.569427	740.729988	0.877729	307.234910	26.681826	27.889878	292.005291
942.291940	651.482549	90.883722	742.366271	0.877576	307.256300	26.730035	27.932076	292.005299
944.811916	660.831088	93.192473	754.023561	0.876406	307.278304	26.779643	27.975492	292.005309
947.105284	670.775497	95.846653	766.622149	0.874975	307.300122	26.828852	28.018549	292.005319
948.962795	658.730573	92.659563	751.390136	0.876682	307.317678	26.868460	28.053200	292.005328
950.688597	651.032357	90.776380	741.808738	0.877628	307.333640	26.904485	28.084711	292.005336
952.700644	650.139981	90.564555	740.704536	0.877732	307.352775	26.947691	28.122496	292.005343
955.139455	654.842653	91.695450	746.538103	0.877172	307.375293	26.998556	28.166971	292.005352
957.621487	669.104976	95.384301	764.489277	0.875231	307.397155	27.047956	28.210157	292.005362
959.674400	666.291884	94.621433	760.913317	0.875648	307.417637	27.094254	28.250623	292.005372
961.397447	653.547472	91.380307	744.927779	0.877330	307.433125	27.129273	28.281226	292.005381
963.218171	649.941000	90.517492	740.458493	0.877755	307.450277	27.168072	28.315127	292.005388
965.463505	651.397345	90.863381	742.260727	0.877586	307.471303	27.215654	28.356694	292.005396
968.017184	661.752846	93.429153	755.181998	0.876283	307.492950	27.264658	28.399496	292.005405
969.850260	653.801231	91.441824	745.243055	0.877299	307.509026	27.301057	28.431284	292.005415
971.683335	650.160562	90.569427	740.729988	0.877729	307.526099	27.339733	28.465054	292.005422
973.909084	651.482549	90.883722	742.366271	0.877576	307.546745	27.386520	28.505898	292.005430
976.429061	660.831088	93.192473	754.023561	0.876406	307.567907	27.434494	28.547772	292.005439
978.722429	670.775497	95.846653	766.622149	0.874975	307.588961	27.482240	28.589439	292.005449
980.579940	658.730573	92.659563	751.390136	0.876682	307.605899	27.520664	28.622966	292.005458
982.305742	651.032357	90.776380	741.808738	0.877628	307.621289	27.555586	28.653432	292.005466
984.317789	650.139981	90.564555	740.704536	0.877732	307.639757	27.597514	28.690004	292.005473
986.756600	654.842653	91.695450	746.538103	0.877172	307.661470	27.646824	28.733008	292.005481
989.238632	669.104976	95.384301	764.489277	0.875231	307.682514	27.694632	28.774693	292.005491
991.291545	666.291884	94.621433	760.913317	0.875648	307.702321	27.739644	28.813935	292.005500
993.014591	653.547472	91.380307	744.927779	0.877330	307.717244	27.773565	28.843503	292.005509
994.835316	649.941000	90.517492	740.458493	0.877755	307.733799	27.811215	28.876316	292.005516
997.080650	651.397345	90.863381	742.260727	0.877586	307.754091	27.857379	28.916543	292.005524
999.634328	661.752846	93.429153	755.181998	0.876283	307.774905	27.904747	28.957811	292.005533
1000.000000	655.336196	91.816309	747.152505	0.877112	307.778450	27.912797	28.964826	292.005542
