Time	P_mech	P_ver	P_El	n	Drehmoment	Drehzahl	Konvektion	Strahlung	T_Spindel
0.000000	0.000000	0.000000	0.000000	0.360000	0.033378	0.000000	0.000000	0.000000	296.000000
0.000000	0.000000	0.000000	0.000000	0.360000	0.033378	0.000000	0.000000	0.000000	296.000000
0.004188	0.001682	0.002990	0.004672	0.360000	0.033357	0.000481	0.000000	0.000000	296.000001
0.025125	0.010000	0.017777	0.027777	0.360000	0.033257	0.002871	0.000000	0.000000	296.000024
0.129813	0.049416	0.087850	0.137266	0.360000	0.032774	0.014398	0.000000	0.000001	296.000631
0.344651	0.120098	0.207839	0.327938	0.366223	0.031870	0.035985	0.000001	0.000009	296.004176
0.604503	0.190263	0.301059	0.491321	0.387247	0.030916	0.058768	0.000004	0.000024	296.011448
0.897715	0.253501	0.374987	0.628488	0.403351	0.029997	0.080699	0.000009	0.000047	296.022276
1.219128	0.307879	0.440558	0.748437	0.411363	0.029153	0.100847	0.000016	0.000077	296.036557
1.566286	0.353344	0.460817	0.814160	0.433998	0.028401	0.118805	0.000025	0.000114	296.053628
1.938100	0.390641	0.462794	0.853435	0.457727	0.027746	0.134447	0.000037	0.000153	296.072331
2.334326	0.420812	0.457910	0.878722	0.478891	0.027186	0.147814	0.000050	0.000195	296.092151
2.755332	0.444948	0.453655	0.898602	0.495155	0.026716	0.159043	0.000064	0.000239	296.112989
3.201989	0.464066	0.450898	0.914964	0.507196	0.026327	0.168328	0.000080	0.000286	296.134925
3.675633	0.479070	0.449040	0.928111	0.516178	0.026010	0.175885	0.000097	0.000335	296.158067
4.178060	0.490732	0.447624	0.938356	0.522970	0.025756	0.181940	0.000116	0.000387	296.182524
4.711562	0.499700	0.446460	0.946160	0.528135	0.025556	0.186715	0.000137	0.000442	296.208415
5.278982	0.506514	0.445501	0.952014	0.532044	0.025401	0.190416	0.000160	0.000500	296.235881
5.883806	0.511620	0.444745	0.956365	0.534963	0.025283	0.193234	0.000185	0.000562	296.265097
6.530286	0.515385	0.444174	0.959559	0.537106	0.025195	0.195336	0.000213	0.000628	296.296272
7.223610	0.518108	0.443757	0.961866	0.538649	0.025131	0.196871	0.000244	0.000699	296.329662
7.970134	0.520036	0.443462	0.963497	0.539738	0.025085	0.197964	0.000277	0.000775	296.365576
8.777700	0.521364	0.443258	0.964623	0.540485	0.025054	0.198721	0.000315	0.000857	296.404395
9.656073	0.522253	0.443122	0.965375	0.540984	0.025032	0.199228	0.000357	0.000947	296.446590
10.617565	0.522825	0.443035	0.965860	0.541306	0.025019	0.199556	0.000404	0.001045	296.492752
11.677922	0.523179	0.442981	0.966160	0.541504	0.025010	0.199759	0.000457	0.001153	296.543635
12.857644	0.523386	0.442949	0.966335	0.541619	0.025005	0.199878	0.000517	0.001274	296.600218
14.183978	0.523500	0.442932	0.966432	0.541683	0.025002	0.199943	0.000587	0.001409	296.663802
15.694050	0.523557	0.442923	0.966480	0.541715	0.025001	0.199976	0.000669	0.001563	296.736157
17.439967	0.523584	0.442919	0.966503	0.541730	0.025000	0.199991	0.000767	0.001742	296.819762
19.497499	0.523594	0.442918	0.966512	0.541736	0.025000	0.199997	0.000885	0.001952	296.918220
21.981642	0.523598	0.442917	0.966515	0.541738	0.025000	0.199999	0.001032	0.002206	297.036995
25.075946	0.523599	0.442917	0.966515	0.541738	0.025000	0.200000	0.001221	0.002522	297.184791
29.088497	0.523599	0.442917	0.966516	0.541739	0.025000	0.200000	0.001477	0.002932	297.376190
34.526742	0.523599	0.442917	0.966516	0.541739	0.025000	0.200000	0.001838	0.003488	297.635128
41.733677	0.523599	0.442917	0.966516	0.541738	0.025000	0.200000	0.002340	0.004225	297.977436
47.222165	0.523599	0.442917	0.966516	0.541738	0.025000	0.200000	0.002737	0.004787	298.237466
52.710654	0.523599	0.442917	0.966516	0.541739	0.025000	0.200000	0.003147	0.005349	298.496921
58.816305	0.523599	0.442917	0.966516	0.541738	0.025000	0.200000	0.003616	0.005974	298.784865
65.149449	0.523599	0.442917	0.966515	0.541738	0.025000	0.200000	0.004116	0.006623	299.082765
70.987213	0.523599	0.442917	0.966515	0.541738	0.025000	0.200000	0.004588	0.007221	299.356660
76.235772	0.523599	0.442917	0.966516	0.541738	0.025000	0.200000	0.005020	0.007759	299.602329
81.474670	0.523599	0.442917	0.966516	0.541739	0.025000	0.200000	0.005459	0.008296	299.846991
87.303620	0.523599	0.442917	0.966516	0.541739	0.025000	0.200000	0.005955	0.008893	300.118554
93.686682	0.523599	0.442917	0.966516	0.541738	0.025000	0.200000	0.006508	0.009548	300.415133
99.858573	0.523599	0.442917	0.966515	0.541738	0.025000	0.200000	0.007051	0.010181	300.701101
105.307653	0.523599	0.442917	0.966515	0.541738	0.025000	0.200000	0.007537	0.010739	300.952921
110.403022	0.523599	0.442917	0.966516	0.541738	0.025000	0.200000	0.007997	0.011262	301.187833
115.889966	0.523599	0.442917	0.966516	0.541739	0.025000	0.200000	0.008498	0.011824	301.440189
122.121998	0.523599	0.442917	0.966516	0.541738	0.025000	0.200000	0.009073	0.012463	301.726041
128.564640	0.523599	0.442917	0.966515	0.541738	0.025000	0.200000	0.009675	0.013124	302.020685
134.356404	0.523599	0.442917	0.966515	0.541738	0.025000	0.200000	0.010221	0.013718	302.284807
139.475190	0.523599	0.442917	0.966516	0.541738	0.025000	0.200000	0.010708	0.014242	302.517641
144.647801	0.523599	0.442917	0.966516	0.541739	0.025000	0.200000	0.011204	0.014772	302.752350
145.238416	0.523599	0.442917	0.966516	0.541739	0.025000	0.200000	0.011260	0.014832	302.779112
145.829032	0.523599	0.442917	0.966516	0.541739	0.025000	0.200000	0.011317	0.014892	302.805868
148.782108	0.523599	0.442917	0.966516	0.541739	0.025000	0.200000	0.011603	0.015195	302.939531
149.605946	0.523599	0.442917	0.966516	0.541739	0.025000	0.200000	0.011682	0.015279	302.976786
149.791156	0.523599	0.442917	0.966516	0.541739	0.025000	0.200000	0.011700	0.015298	302.985159
149.976366	0.523599	0.442917	0.966516	0.541739	0.025000	0.200000	0.011718	0.015317	302.993532
149.997198	0.523599	0.442917	0.966516	0.541739	0.025000	0.200000	0.011720	0.015319	302.994474
149.999787	0.523599	0.442917	0.966516	0.541739	0.025000	0.200000	0.011720	0.015320	302.994591
150.000000	0.523583	0.442919	0.966502	0.541730	0.025000	0.199991	0.011720	0.015320	302.994595
150.000000	-0.026866	0.016657	-0.010209	0.380001	-0.001283	0.199991	0.011720	0.015320	302.994595
150.000972	-0.026781	0.016604	-0.010177	0.380011	-0.001279	0.199907	0.011720	0.015320	302.994594
150.005832	-0.026358	0.016341	-0.010018	0.380061	-0.001262	0.199488	0.011720	0.015320	302.994588
150.030134	-0.024286	0.015051	-0.009236	0.380284	-0.001175	0.197412	0.011720	0.015320	302.994558
150.151643	-0.014874	0.009210	-0.005664	0.380805	-0.000758	0.187455	0.011719	0.015319	302.994360
150.396808	-0.000000	0.000000	-0.000000	0.379673	-0.000000	0.169366	0.011718	0.015318	302.993756
150.396808	0.000000	0.000000	0.000000	0.379673	0.000000	0.169366	0.011718	0.015318	302.993756
150.781902	0.015159	0.025270	0.040430	0.374950	0.000994	0.145637	0.011717	0.015316	302.993197
151.178710	0.023928	0.040893	0.064822	0.369143	0.001812	0.126110	0.011718	0.015317	302.993487
151.593409	0.028656	0.050161	0.078817	0.363577	0.002489	0.109950	0.011719	0.015319	302.994342
152.027142	0.030822	0.054795	0.085618	0.360000	0.003044	0.096706	0.011722	0.015322	302.995561
152.481696	0.031449	0.055910	0.087360	0.360000	0.003494	0.085955	0.011725	0.015325	302.996968
152.959076	0.031219	0.055500	0.086718	0.360000	0.003856	0.077317	0.011728	0.015328	302.998459
153.461588	0.030569	0.054344	0.084913	0.360000	0.004143	0.070456	0.011732	0.015332	302.999983
153.991893	0.029770	0.052925	0.082695	0.360000	0.004369	0.065076	0.011735	0.015335	303.001515
154.553087	0.028978	0.051517	0.080496	0.360000	0.004543	0.060915	0.011738	0.015339	303.003048
155.148790	0.028274	0.050264	0.078538	0.360000	0.004676	0.057747	0.011741	0.015342	303.004588
155.783278	0.027689	0.049225	0.076914	0.360000	0.004775	0.055377	0.011745	0.015346	303.006149
156.461642	0.027229	0.048407	0.075636	0.360000	0.004848	0.053639	0.011748	0.015349	303.007749
157.190004	0.026883	0.047792	0.074675	0.360000	0.004900	0.052393	0.011752	0.015353	303.009410
157.975803	0.026633	0.047347	0.073980	0.360000	0.004936	0.051522	0.011755	0.015357	303.011156
158.828195	0.026460	0.047040	0.073499	0.360000	0.004961	0.050932	0.011759	0.015361	303.013015
159.758602	0.026345	0.046835	0.073180	0.360000	0.004977	0.050546	0.011764	0.015366	303.015018
159.868379	0.026335	0.046817	0.073152	0.360000	0.004979	0.050512	0.011764	0.015366	303.015253
159.978155	0.026325	0.046800	0.073126	0.360000	0.004980	0.050481	0.011765	0.015367	303.015487
159.992080	0.026324	0.046798	0.073122	0.360000	0.004980	0.050477	0.011765	0.015367	303.015517
159.996051	0.026324	0.046798	0.073122	0.360000	0.004980	0.050476	0.011765	0.015367	303.015526
159.997080	0.026324	0.046798	0.073121	0.360000	0.004980	0.050476	0.011765	0.015367	303.015528
159.998109	0.026324	0.046797	0.073121	0.360000	0.004980	0.050475	0.011765	0.015367	303.015530
159.999897	0.026323	0.046797	0.073121	0.360000	0.004980	0.050475	0.011765	0.015367	303.015534
159.999954	0.026323	0.046797	0.073121	0.360000	0.004980	0.050475	0.011765	0.015367	303.015534
160.000012	0.744112	1.009287	1.753399	0.424383	0.140717	0.050497	0.011765	0.015367	303.015537
160.000061	0.744705	1.009805	1.754510	0.424452	0.140715	0.050538	0.011765	0.015367	303.015542
160.000306	0.747671	1.012384	1.760055	0.424800	0.140706	0.050742	0.011765	0.015367	303.015568
160.001530	0.762485	1.025206	1.787691	0.426520	0.140664	0.051763	0.011765	0.015367	303.015700
160.007654	0.836267	1.103704	1.939971	0.431072	0.140450	0.056858	0.011767	0.015369	303.016389
160.038271	1.197946	1.570808	2.768754	0.432666	0.139394	0.082066	0.011776	0.015379	303.020777
160.191360	2.837806	2.246159	5.083965	0.558188	0.134385	0.201652	0.011848	0.015455	303.054090
160.436282	4.961273	1.915242	6.876515	0.721481	0.127235	0.372357	0.011967	0.015580	303.109171
160.716915	6.803373	2.096986	8.900359	0.764393	0.120190	0.540540	0.012090	0.015709	303.166184
161.027409	8.299123	2.110305	10.409428	0.797270	0.113613	0.697551	0.012251	0.015879	303.240881
161.364422	9.461695	1.896183	11.357878	0.833051	0.107687	0.839033	0.012400	0.016035	303.309621
161.726406	10.338202	1.811036	12.149239	0.850934	0.102480	0.963338	0.012559	0.016201	303.382497
162.112818	10.984181	1.857247	12.841428	0.855371	0.097997	1.070349	0.012722	0.016371	303.457369
162.523797	11.452093	1.881776	13.333869	0.858872	0.094206	1.160852	0.012904	0.016560	303.540282
162.960022	11.786644	1.906125	13.692768	0.860793	0.091052	1.236152	0.013097	0.016761	303.628144
163.422641	12.023606	1.949586	13.973192	0.860477	0.088469	1.297828	0.013308	0.016979	303.724008
163.913266	12.190387	1.885877	14.076264	0.866024	0.086385	1.347564	0.013531	0.017210	303.824878
164.433983	12.307309	1.826869	14.134178	0.870748	0.084732	1.387038	0.013760	0.017445	303.927968
164.987406	12.389077	1.816667	14.205744	0.872117	0.083441	1.417851	0.014000	0.017691	304.035448
165.576749	12.446142	1.827413	14.273555	0.871972	0.082451	1.441481	0.014256	0.017954	304.150102
166.205938	12.485845	1.835956	14.321801	0.871807	0.081707	1.459259	0.014533	0.018237	304.273187
166.879763	12.513319	1.838491	14.351809	0.871898	0.081158	1.472356	0.014831	0.018540	304.405360
167.604078	12.532157	1.836883	14.369040	0.872164	0.080763	1.481780	0.015153	0.018867	304.547406
168.386083	12.544893	1.833544	14.378437	0.872480	0.080487	1.488383	0.015502	0.019220	304.700482
169.234710	12.553332	1.830074	14.383406	0.872765	0.080299	1.492872	0.015881	0.019602	304.866209
170.161156	12.558775	1.827222	14.385997	0.872986	0.080175	1.495818	0.016297	0.020019	305.046731
171.179661	12.562163	1.825180	14.387343	0.873140	0.080097	1.497673	0.016756	0.020478	305.244824
172.308621	12.564179	1.823862	14.388042	0.873238	0.080051	1.498785	0.017268	0.020987	305.464077
173.572275	12.565313	1.823086	14.388400	0.873295	0.080025	1.499413	0.017844	0.021557	305.709198
175.003308	12.565907	1.822670	14.388577	0.873325	0.080011	1.499742	0.018500	0.022203	305.986507
176.647017	12.566190	1.822469	14.388659	0.873340	0.080004	1.499900	0.019260	0.022947	306.304725
178.568292	12.566311	1.822383	14.388693	0.873346	0.080001	1.499967	0.020156	0.023819	306.676309
180.863849	12.566355	1.822351	14.388706	0.873348	0.080000	1.499991	0.021238	0.024864	307.119782
183.684843	12.566367	1.822342	14.388709	0.873349	0.080000	1.499998	0.022582	0.026152	307.664027
187.280300	12.566370	1.822340	14.388710	0.873349	0.080000	1.500000	0.024319	0.027802	308.356510
192.072449	12.566370	1.822340	14.388710	0.873349	0.080000	1.500000	0.026672	0.030012	309.277403
198.610981	12.566370	1.822340	14.388710	0.873349	0.080000	1.500000	0.029950	0.033052	310.530029
206.211474	12.566368	1.822342	14.388710	0.873349	0.080000	1.499998	0.033849	0.036616	311.980409
210.792030	12.566370	1.822340	14.388710	0.873349	0.080000	1.500000	0.036235	0.038776	312.851509
215.372585	12.566370	1.822340	14.388710	0.873349	0.080000	1.500000	0.038656	0.040952	313.720335
221.525368	12.566370	1.822340	14.388710	0.873349	0.080000	1.500000	0.041955	0.043897	314.883752
229.008593	12.566369	1.822341	14.388710	0.873349	0.080000	1.499999	0.046029	0.047506	316.293076
229.671513	12.566369	1.822341	14.388710	0.873349	0.080000	1.499999	0.046382	0.047820	316.417623
229.815486	12.566369	1.822341	14.388710	0.873349	0.080000	1.499999	0.046461	0.047889	316.444666
229.959459	12.566369	1.822341	14.388710	0.873349	0.080000	1.499999	0.046540	0.047959	316.471706
229.995644	12.566370	1.822340	14.388710	0.873349	0.080000	1.499999	0.046560	0.047976	316.478502
229.999489	12.566370	1.822340	14.388710	0.873349	0.080000	1.499999	0.046562	0.047978	316.479224
229.999806	12.566370	1.822340	14.388710	0.873349	0.080000	1.499999	0.046562	0.047978	316.479284
230.000000	12.566335	1.822365	14.388700	0.873347	0.080001	1.499980	0.046561	0.047978	316.479140
230.000000	-8.754976	1.321140	-7.433836	0.849098	-0.055737	1.499980	0.046561	0.047978	316.479140
230.000317	-8.751691	1.320648	-7.431043	0.849098	-0.055726	1.499716	0.046562	0.047978	316.479182
230.001902	-8.735287	1.318235	-7.417052	0.849091	-0.055670	1.498394	0.046562	0.047979	316.479393
230.009828	-8.653719	1.307328	-7.346392	0.848929	-0.055394	1.491802	0.046565	0.047981	316.480443
230.049458	-8.256994	1.286066	-6.970928	0.844245	-0.054032	1.459289	0.046580	0.047995	316.485601
230.247607	-6.526459	1.159365	-5.367093	0.822359	-0.047670	1.307395	0.046655	0.048060	316.511022
230.613172	-4.216971	0.816550	-3.400421	0.806366	-0.037676	1.068820	0.046760	0.048153	316.546795
230.984353	-2.693449	0.587702	-2.105747	0.781803	-0.029467	0.872848	0.046820	0.048206	316.567398
231.371387	-1.675727	0.425111	-1.250616	0.746312	-0.022585	0.708535	0.046884	0.048262	316.589063
231.775030	-1.010322	0.340854	-0.669468	0.662628	-0.016866	0.572020	0.046919	0.048293	316.601147
232.196748	-0.584863	0.239483	-0.345380	0.590531	-0.012154	0.459522	0.046945	0.048316	316.609969
232.638166	-0.319760	0.154627	-0.165133	0.516427	-0.008306	0.367646	0.046959	0.048328	316.614754
233.101133	-0.159531	0.092637	-0.066893	0.419313	-0.005193	0.293345	0.046963	0.048332	316.616039
233.587764	-0.066215	0.041643	-0.024572	0.371099	-0.002703	0.233903	0.046958	0.048328	316.614524
234.100492	-0.014382	0.008905	-0.005477	0.380809	-0.000735	0.186908	0.046946	0.048317	316.610515
234.338725	-0.000000	0.000000	-0.000000	0.379673	-0.000000	0.169366	0.046939	0.048311	316.608157
234.338725	0.000000	0.000000	0.000000	0.379673	0.000000	0.169366	0.046939	0.048311	316.608157
234.880365	0.019268	0.032435	0.051702	0.372663	0.001339	0.137397	0.046926	0.048299	316.603616
235.422006	0.027689	0.048170	0.075859	0.365008	0.002320	0.113990	0.046917	0.048291	316.600441
236.049736	0.031026	0.055158	0.086184	0.360000	0.003132	0.094587	0.046908	0.048284	316.597527
236.715321	0.031376	0.055780	0.087155	0.360000	0.003727	0.080398	0.046900	0.048276	316.594674
237.429592	0.030530	0.054276	0.084806	0.360000	0.004156	0.070152	0.046891	0.048268	316.591564
238.199099	0.029383	0.052236	0.081619	0.360000	0.004458	0.062941	0.046881	0.048259	316.588060
239.032544	0.028336	0.050375	0.078711	0.360000	0.004664	0.058010	0.046869	0.048249	316.584086
239.940664	0.027526	0.048935	0.076462	0.360000	0.004801	0.054750	0.046856	0.048237	316.579594
239.981100	0.027497	0.048884	0.076382	0.360000	0.004806	0.054640	0.046855	0.048237	316.579391
239.995089	0.027488	0.048867	0.076355	0.360000	0.004807	0.054603	0.046855	0.048237	316.579321
239.998071	0.027486	0.048863	0.076349	0.360000	0.004808	0.054595	0.046855	0.048237	316.579306
239.999799	0.027484	0.048861	0.076345	0.360000	0.004808	0.054591	0.046855	0.048237	316.579298
240.001137	0.818084	1.080876	1.898960	0.430806	0.140503	0.055601	0.046855	0.048237	316.579426
240.002474	0.834158	1.100957	1.935115	0.431064	0.140456	0.056712	0.046856	0.048237	316.579571
240.009160	0.914182	1.212843	2.127025	0.429794	0.140224	0.062256	0.046858	0.048239	316.580342
240.042592	1.305753	1.698210	3.003963	0.434677	0.139076	0.089656	0.046873	0.048252	316.585311
240.209753	3.065524	2.252789	5.318313	0.576409	0.133658	0.219019	0.046979	0.048346	316.621379
240.535790	5.711850	1.820683	7.532533	0.758291	0.124477	0.438186	0.047177	0.048521	316.688942
240.906251	7.795323	2.299809	10.095132	0.772186	0.115937	0.642073	0.047414	0.048729	316.769484
241.290112	9.254195	1.857305	11.111500	0.832848	0.108813	0.812135	0.047648	0.048935	316.849142
241.690456	10.275050	1.822376	12.097426	0.849358	0.102884	0.953694	0.047877	0.049137	316.926958
242.108576	10.985230	1.857485	12.842715	0.855367	0.097989	1.070538	0.048107	0.049339	317.004890
242.546068	11.477184	1.879532	13.356716	0.859282	0.093985	1.166134	0.048358	0.049560	317.089890
243.004734	11.817009	1.914694	13.731704	0.860564	0.090740	1.243595	0.048621	0.049791	317.179010
243.486634	12.051446	1.945266	13.996711	0.861020	0.088139	1.305699	0.048907	0.050042	317.275500
243.994135	12.213196	1.873072	14.086268	0.867029	0.086077	1.354915	0.049203	0.050303	317.375460
244.529974	12.324921	1.821379	14.146300	0.871247	0.084465	1.393417	0.049504	0.050567	317.476971
245.097335	12.402199	1.818332	14.220531	0.872133	0.083221	1.423109	0.049819	0.050843	317.582835
245.699953	12.455687	1.829672	14.285359	0.871920	0.082277	1.445644	0.050154	0.051138	317.695699
246.342241	12.492659	1.836980	14.329639	0.871806	0.081573	1.462442	0.050515	0.051454	317.816636
247.029465	12.518099	1.838401	14.356500	0.871946	0.081059	1.474711	0.050902	0.051793	317.946295
247.767969	12.535448	1.836217	14.371666	0.872234	0.080693	1.483467	0.051318	0.052158	318.085519
248.565480	12.547109	1.832738	14.379847	0.872548	0.080438	1.489553	0.051768	0.052552	318.235538
249.431531	12.554784	1.829363	14.384147	0.872821	0.080266	1.493653	0.052256	0.052979	318.398035
250.378044	12.559693	1.826689	14.386383	0.873027	0.080154	1.496319	0.052789	0.053445	318.575219
251.420174	12.562720	1.824824	14.387544	0.873166	0.080085	1.497979	0.053376	0.053958	318.769926
252.577539	12.564500	1.823646	14.388145	0.873254	0.080043	1.498962	0.054029	0.054529	318.985828
253.876071	12.565486	1.822966	14.388452	0.873304	0.080021	1.499508	0.054763	0.055169	319.227753
255.350914	12.565992	1.822610	14.388602	0.873330	0.080009	1.499790	0.055599	0.055897	319.502210
257.051090	12.566228	1.822442	14.388670	0.873342	0.080003	1.499921	0.056564	0.056739	319.818241
259.047390	12.566325	1.822372	14.388697	0.873347	0.080001	1.499975	0.057701	0.057728	320.188866
261.446387	12.566359	1.822348	14.388707	0.873349	0.080000	1.499994	0.059073	0.058920	320.633630
264.416606	12.566368	1.822341	14.388710	0.873349	0.080000	1.499999	0.060778	0.060401	321.183364
268.238782	12.566370	1.822340	14.388710	0.873349	0.080000	1.500000	0.062984	0.062313	321.889262
273.384031	12.566370	1.822340	14.388710	0.873349	0.080000	1.500000	0.065974	0.064900	322.836799
280.323968	12.566370	1.822340	14.388710	0.873349	0.080000	1.500000	0.070040	0.068412	324.109881
286.150884	12.566370	1.822340	14.388710	0.873349	0.080000	1.500000	0.073476	0.071377	325.174357
291.977800	12.566370	1.822340	14.388710	0.873349	0.080000	1.500000	0.076938	0.074361	326.234766
297.977027	12.566370	1.822340	14.388710	0.873349	0.080000	1.499999	0.080527	0.077452	327.322252
303.844168	12.566369	1.822341	14.388710	0.873349	0.080000	1.499999	0.084057	0.080493	328.381570
309.429372	12.566370	1.822340	14.388710	0.873349	0.080000	1.499999	0.087436	0.083403	329.386080
314.918720	12.566370	1.822340	14.388710	0.873349	0.080000	1.500000	0.090773	0.086279	330.369621
315.488290	12.566370	1.822340	14.388710	0.873349	0.080000	1.500000	0.091110	0.086572	330.471460
316.057860	12.566370	1.822340	14.388710	0.873349	0.080000	1.500000	0.091458	0.086871	330.573261
318.905710	12.566371	1.822340	14.388710	0.873349	0.080000	1.500000	0.093202	0.088373	331.081660
319.654261	12.566371	1.822340	14.388710	0.873349	0.080000	1.500000	0.093655	0.088765	331.215125
319.815224	12.566371	1.822340	14.388710	0.873349	0.080000	1.500000	0.093753	0.088849	331.243815
319.976188	12.566371	1.822340	14.388710	0.873349	0.080000	1.500000	0.093851	0.088934	331.272503
319.993892	12.566371	1.822340	14.388710	0.873349	0.080000	1.500000	0.093862	0.088944	331.275658
319.997493	12.566371	1.822340	14.388710	0.873349	0.080000	1.500000	0.093864	0.088945	331.276299
319.999504	12.566371	1.822340	14.388710	0.873349	0.080000	1.500000	0.093865	0.088946	331.276658
319.999882	12.566371	1.822340	14.388710	0.873349	0.080000	1.500000	0.093865	0.088947	331.276725
320.000000	12.566389	1.822326	14.388716	0.873350	0.080000	1.500010	0.093866	0.088947	331.276843
320.000000	-8.755347	1.321195	-7.434151	0.849098	-0.055738	1.500010	0.093866	0.088947	331.276843
320.000377	-8.751438	1.320611	-7.430827	0.849098	-0.055725	1.499695	0.093866	0.088947	331.276890
320.002264	-8.731918	1.317748	-7.414170	0.849088	-0.055659	1.498122	0.093867	0.088948	331.277123
320.011697	-8.634960	1.305099	-7.329861	0.848859	-0.055330	1.490281	0.093871	0.088951	331.278280
320.058864	-8.165840	1.288668	-6.877172	0.842188	-0.053715	1.451709	0.093890	0.088968	331.283959
320.294697	-6.171038	1.114159	-5.056879	0.819454	-0.046262	1.273800	0.093984	0.089049	331.311240
320.660031	-3.986308	0.760040	-3.226268	0.809337	-0.036542	1.041731	0.094089	0.089140	331.341782
321.033232	-2.538015	0.657683	-1.880333	0.740867	-0.028512	0.850039	0.094145	0.089188	331.358122
321.422324	-1.573259	0.394223	-1.179036	0.749422	-0.021788	0.689523	0.094203	0.089238	331.375040
321.828205	-0.944182	0.327940	-0.616242	0.652673	-0.016208	0.556296	0.094230	0.089261	331.382881
322.252360	-0.543198	0.227180	-0.316019	0.581774	-0.011614	0.446630	0.094245	0.089274	331.387164
322.696438	-0.294250	0.144515	-0.149735	0.508869	-0.007867	0.357176	0.094245	0.089274	331.387194
323.162322	-0.144436	0.086004	-0.058431	0.404549	-0.004841	0.284929	0.094233	0.089263	331.383630
323.652163	-0.057656	0.036121	-0.021535	0.373506	-0.002423	0.227215	0.094210	0.089244	331.377070
324.168440	-0.009797	0.006067	-0.003730	0.380716	-0.000515	0.181660	0.094178	0.089217	331.367860
324.338761	-0.000000	0.000000	-0.000000	0.379673	-0.000000	0.169366	0.094167	0.089207	331.364519
324.338761	0.000000	0.000000	0.000000	0.379673	0.000000	0.169366	0.094167	0.089207	331.364519
324.884344	0.019359	0.032597	0.051956	0.372605	0.001347	0.137199	0.094133	0.089178	331.354726
325.429927	0.027763	0.048320	0.076083	0.364906	0.002332	0.113700	0.094104	0.089153	331.346315
326.057835	0.031044	0.055189	0.086233	0.360000	0.003141	0.094381	0.094074	0.089126	331.337398
326.724019	0.031370	0.055769	0.087139	0.360000	0.003733	0.080247	0.094042	0.089099	331.328172
327.438936	0.030516	0.054252	0.084768	0.360000	0.004160	0.070044	0.094008	0.089069	331.318224
328.209190	0.029369	0.052211	0.081580	0.360000	0.004461	0.062866	0.093970	0.089037	331.307355
329.043502	0.028324	0.050354	0.078678	0.360000	0.004667	0.057960	0.093929	0.089002	331.295409
329.952641	0.027518	0.048920	0.076438	0.360000	0.004802	0.054717	0.093884	0.088963	331.282236
329.994310	0.027488	0.048868	0.076356	0.360000	0.004807	0.054605	0.093882	0.088961	331.281629
329.998752	0.027485	0.048862	0.076348	0.360000	0.004808	0.054594	0.093882	0.088961	331.281565
329.999485	0.027485	0.048862	0.076346	0.360000	0.004808	0.054592	0.093882	0.088961	331.281554
329.999775	0.027484	0.048861	0.076346	0.360000	0.004808	0.054591	0.093882	0.088961	331.281550
330.000000	0.027496	0.048882	0.076379	0.360000	0.004806	0.054636	0.093882	0.088961	331.281562
330.000000	1.865681	2.274391	4.140072	0.450640	0.326083	0.054636	0.093882	0.088961	331.281562
330.000290	1.872748	2.280667	4.153415	0.450894	0.326078	0.054844	0.093882	0.088961	331.281628
330.001739	1.908063	2.311643	4.219705	0.452179	0.326057	0.055882	0.093883	0.088962	331.281961
330.008983	2.084126	2.456475	4.540601	0.458998	0.325948	0.061059	0.093889	0.088967	331.283695
330.045207	2.951792	2.950661	5.902452	0.500096	0.325413	0.086621	0.093924	0.088997	331.293737
330.226325	6.990487	4.322003	11.312490	0.617944	0.322897	0.206735	0.094153	0.089195	331.360295
330.519249	12.585743	4.786642	17.372385	0.724468	0.319345	0.376349	0.094636	0.089610	331.500305
330.902210	18.471758	4.657748	23.129506	0.798623	0.315518	0.559056	0.095286	0.090171	331.689100
331.296703	23.210144	4.681467	27.891611	0.832155	0.312366	0.709553	0.095948	0.090742	331.880999
331.708762	27.059871	4.624895	31.684766	0.854034	0.309755	0.834216	0.096635	0.091335	332.079716
332.139625	30.168016	4.781756	34.949772	0.863182	0.307613	0.936513	0.097368	0.091967	332.291586
332.591037	32.661042	4.786963	37.448005	0.872170	0.305871	1.019678	0.098153	0.092644	332.517800
333.064968	34.645085	4.755593	39.400678	0.879302	0.304469	1.086599	0.098970	0.093349	332.753052
333.563675	36.209641	4.926162	41.135803	0.880246	0.303354	1.139844	0.099844	0.094104	333.004323
334.089765	37.430327	5.118712	42.549039	0.879699	0.302478	1.181684	0.100809	0.094937	333.280815
334.646263	38.371079	5.200276	43.571355	0.880649	0.301799	1.214109	0.101861	0.095846	333.581641
335.236707	39.085907	5.196910	44.282816	0.882643	0.301281	1.238855	0.102986	0.096818	333.902785
335.865270	39.620312	5.166392	44.786703	0.884645	0.300892	1.257415	0.104182	0.097852	334.243124
336.536912	40.012444	5.133729	45.146173	0.886286	0.300606	1.271068	0.105454	0.098952	334.604230
337.257588	40.294059	5.106623	45.400683	0.887521	0.300400	1.280891	0.106814	0.100129	334.989148
338.034526	40.491339	5.086248	45.577587	0.888405	0.300256	1.287781	0.108277	0.101395	335.401892
338.876602	40.625601	5.071827	45.697428	0.889013	0.300158	1.292474	0.109861	0.102767	335.847399
339.794867	40.713932	5.062117	45.776048	0.889416	0.300093	1.295563	0.111589	0.104265	336.331716
340.803287	40.769761	5.055892	45.825653	0.889671	0.300052	1.297517	0.113489	0.105914	336.862350
341.919827	40.803395	5.052111	45.855507	0.889825	0.300027	1.298694	0.115598	0.107745	337.448828
343.168063	40.822514	5.049952	45.872466	0.889913	0.300013	1.299363	0.117963	0.109800	338.103521
344.579666	40.832630	5.048806	45.881436	0.889960	0.300006	1.299717	0.120647	0.112136	338.842928
346.198368	40.837522	5.048251	45.885773	0.889982	0.300002	1.299889	0.123738	0.114831	339.689721
348.086556	40.839628	5.048012	45.887641	0.889992	0.300001	1.299962	0.127361	0.117995	340.676123
350.336781	40.840407	5.047924	45.888331	0.889995	0.300000	1.299990	0.131703	0.121796	341.849793
353.092906	40.840641	5.047897	45.888538	0.889997	0.300000	1.299998	0.137056	0.126496	343.284588
356.590649	40.840694	5.047891	45.888585	0.889997	0.300000	1.300000	0.143904	0.132532	345.101093
361.230134	40.840701	5.047890	45.888591	0.889997	0.300000	1.300000	0.153076	0.140662	347.502936
367.572326	40.840698	5.047891	45.888589	0.889997	0.300000	1.300000	0.165766	0.152003	350.772021
375.174159	40.840668	5.047894	45.888562	0.889997	0.300000	1.299999	0.181181	0.165937	354.668337
379.879458	40.840692	5.047891	45.888584	0.889997	0.300000	1.300000	0.190796	0.174734	357.067803
384.584757	40.840700	5.047890	45.888591	0.889997	0.300000	1.300000	0.200511	0.183687	359.457795
390.768907	40.840698	5.047891	45.888589	0.889997	0.300000	1.300000	0.213397	0.195678	362.584321
398.136211	40.840674	5.047894	45.888567	0.889997	0.300000	1.299999	0.228888	0.210284	366.287005
398.787312	40.840683	5.047892	45.888576	0.889997	0.300000	1.299999	0.230200	0.211562	366.613078
399.438414	40.840690	5.047892	45.888582	0.889997	0.300000	1.299999	0.231576	0.212872	366.938967
399.763965	40.840692	5.047891	45.888584	0.889997	0.300000	1.300000	0.232262	0.213526	367.101840
399.843580	40.840693	5.047891	45.888584	0.889997	0.300000	1.300000	0.232428	0.213686	367.141665
399.923195	40.840693	5.047891	45.888585	0.889997	0.300000	1.300000	0.232596	0.213846	367.181486
399.987252	40.840694	5.047891	45.888585	0.889997	0.300000	1.300000	0.232732	0.213976	367.213524
399.999876	40.840694	5.047891	45.888585	0.889997	0.300000	1.300000	0.232758	0.214001	367.219838
400.000000	40.840205	5.047947	45.888152	0.889995	0.300000	1.299983	0.232758	0.214000	367.219763
400.000000	-7.127852	1.225782	-5.902070	0.828029	-0.052359	1.299983	0.232758	0.214000	367.219763
400.001695	-7.114229	1.224023	-5.890206	0.827947	-0.052308	1.298764	0.232758	0.214001	367.219906
400.010167	-7.046508	1.216079	-5.830429	0.827421	-0.052054	1.292689	0.232761	0.214004	367.220618
400.052532	-6.717539	1.192120	-5.525419	0.822536	-0.050800	1.262756	0.232776	0.214018	367.224098
400.264353	-5.291066	0.998660	-4.292407	0.811256	-0.044969	1.123564	0.232841	0.214080	367.239489
400.640832	-3.467285	0.560473	-2.906812	0.838354	-0.036209	0.914422	0.232898	0.214135	367.252973
401.023746	-2.261433	0.581459	-1.679974	0.742880	-0.029047	0.743450	0.232941	0.214175	367.263035
401.423503	-1.452222	0.383804	-1.068418	0.735713	-0.023077	0.600927	0.232935	0.214169	367.261643
401.840960	-0.918434	0.318059	-0.600375	0.653694	-0.018148	0.483261	0.232919	0.214154	367.257864
402.277729	-0.571952	0.231295	-0.340657	0.595604	-0.014115	0.386959	0.232884	0.214121	367.249700
402.735603	-0.350803	0.163085	-0.187718	0.535110	-0.010845	0.308899	0.232831	0.214071	367.237168
403.216633	-0.212059	0.109881	-0.102178	0.481836	-0.008222	0.246289	0.232762	0.214005	367.220830
403.723173	-0.126502	0.074915	-0.051587	0.407796	-0.006143	0.196651	0.232679	0.213926	367.201262
404.257946	-0.074617	0.046429	-0.028187	0.377762	-0.004515	0.157799	0.232584	0.213835	367.178804
404.824118	-0.043633	0.027502	-0.016131	0.369701	-0.003260	0.127821	0.232477	0.213733	367.153557
404.945165	-0.039030	0.024668	-0.014362	0.367971	-0.003040	0.122584	0.232454	0.213711	367.148029
404.980785	-0.037778	0.023896	-0.013882	0.367473	-0.002979	0.121111	0.232447	0.213704	367.146396
404.994015	-0.037325	0.023616	-0.013709	0.367289	-0.002956	0.120572	0.232445	0.213702	367.145789
404.999988	-0.037122	0.023490	-0.013631	0.367207	-0.002946	0.120330	0.232443	0.213701	367.145514
405.000000	-0.037122	0.023490	-0.013631	0.367207	-0.002946	0.120330	0.232443	0.213701	367.145514
405.000000	1.136917	1.323628	2.460545	0.462059	0.090225	0.120330	0.232443	0.213701	367.145514
405.000945	1.142153	1.325034	2.467187	0.462937	0.090201	0.120917	0.232444	0.213701	367.145604
405.005671	1.168248	1.331906	2.500154	0.467270	0.090078	0.123848	0.232446	0.213703	367.146057
405.029301	1.296546	1.363159	2.659705	0.487477	0.089469	0.138385	0.232456	0.213713	367.148373
405.147452	1.886693	1.481226	3.367919	0.560195	0.086545	0.208175	0.232509	0.213763	367.160972
405.535744	3.332437	1.736801	5.069238	0.657384	0.078225	0.406805	0.232718	0.213962	367.210227
405.924565	4.240521	1.119964	5.360485	0.791070	0.071563	0.565849	0.232883	0.214120	367.249280
406.331150	4.826872	1.175591	6.002463	0.804149	0.066021	0.698160	0.233009	0.214240	367.278994
406.756007	5.194135	1.252805	6.446939	0.805675	0.061461	0.807020	0.233163	0.214387	367.315497
407.200857	5.416658	1.310379	6.727037	0.805207	0.057743	0.895786	0.233332	0.214548	367.355279
407.667587	5.545874	1.353978	6.899852	0.803767	0.054741	0.967449	0.233524	0.214731	367.400597
408.158360	5.616704	1.326201	6.942905	0.808985	0.052344	1.024673	0.233726	0.214924	367.448282
408.675667	5.652311	1.298036	6.950347	0.813242	0.050453	1.069820	0.233931	0.215119	367.496724
409.222395	5.667652	1.293679	6.961331	0.814162	0.048981	1.104964	0.234143	0.215322	367.546911
409.801913	5.672075	1.305678	6.977753	0.812880	0.047852	1.131917	0.234370	0.215539	367.600424
410.418180	5.671195	1.317953	6.989148	0.811429	0.047000	1.152247	0.234615	0.215773	367.658169
411.075895	5.668208	1.325649	6.993857	0.810455	0.046370	1.167296	0.234879	0.216025	367.720480
411.780678	5.664802	1.329227	6.994029	0.809948	0.045913	1.178201	0.235164	0.216297	367.787630
412.539328	5.661764	1.330287	6.992051	0.809743	0.045590	1.185913	0.235471	0.216591	367.860044
413.360164	5.659371	1.330159	6.989531	0.809693	0.045368	1.191217	0.235803	0.216909	367.938370
414.253494	5.657642	1.329641	6.987283	0.809706	0.045220	1.194748	0.236165	0.217254	368.023513
415.232285	5.656476	1.329115	6.985591	0.809735	0.045125	1.197010	0.236561	0.217633	368.116664
416.313121	5.655741	1.328714	6.984455	0.809761	0.045067	1.198395	0.236997	0.218051	368.219376
417.517624	5.655307	1.328455	6.983761	0.809779	0.045034	1.199197	0.237483	0.218516	368.333679
418.874619	5.655069	1.328305	6.983374	0.809790	0.045015	1.199632	0.238030	0.219040	368.462274
420.423553	5.654950	1.328229	6.983178	0.809796	0.045006	1.199849	0.238654	0.219638	368.608847
422.220097	5.654896	1.328194	6.983090	0.809799	0.045002	1.199946	0.239376	0.220331	368.778582
424.345783	5.654876	1.328180	6.983056	0.809800	0.045001	1.199984	0.240231	0.221151	368.979053
426.925419	5.654869	1.328176	6.983044	0.809800	0.045000	1.199996	0.241267	0.222146	369.221812
430.160169	5.654867	1.328174	6.983042	0.809800	0.045000	1.199999	0.242564	0.223393	369.525417
434.389872	5.654867	1.328174	6.983041	0.809800	0.045000	1.200000	0.244256	0.225023	369.921056
440.154680	5.654867	1.328174	6.983041	0.809800	0.045000	1.200000	0.246558	0.227242	370.457828
447.580237	5.654867	1.328175	6.983042	0.809800	0.045000	1.199999	0.249511	0.230098	371.145063
452.742392	5.654867	1.328174	6.983041	0.809800	0.045000	1.200000	0.251550	0.232079	371.620063
457.904547	5.654867	1.328174	6.983041	0.809800	0.045000	1.200000	0.253588	0.234059	372.092809
464.083381	5.654867	1.328174	6.983041	0.809800	0.045000	1.200000	0.256021	0.236428	372.655699
470.876467	5.654867	1.328175	6.983042	0.809800	0.045000	1.199999	0.258686	0.239028	373.270831
471.486794	5.654867	1.328174	6.983042	0.809800	0.045000	1.199999	0.258913	0.239257	373.325907
472.097121	5.654867	1.328174	6.983041	0.809800	0.045000	1.200000	0.259152	0.239490	373.380954
472.406684	5.654867	1.328174	6.983041	0.809800	0.045000	1.200000	0.259272	0.239608	373.408862
472.716247	5.654867	1.328174	6.983041	0.809800	0.045000	1.200000	0.259393	0.239727	373.436762
474.264060	5.654867	1.328174	6.983041	0.809800	0.045000	1.200000	0.260000	0.240319	373.576142
474.993038	5.654867	1.328174	6.983041	0.809800	0.045000	1.200000	0.260283	0.240597	373.641716
474.997917	5.654867	1.328174	6.983041	0.809800	0.045000	1.200000	0.260284	0.240598	373.642155
474.999260	5.654867	1.328174	6.983041	0.809800	0.045000	1.200000	0.260285	0.240599	373.642276
474.999738	5.654867	1.328174	6.983041	0.809800	0.045000	1.200000	0.260285	0.240599	373.642319
475.000000	5.654872	1.328178	6.983050	0.809800	0.045000	1.199990	0.260285	0.240599	373.642282
475.000000	-5.424942	1.033388	-4.391555	0.809512	-0.043171	1.199990	0.260285	0.240599	373.642282
475.000478	-5.421846	1.032847	-4.388999	0.809503	-0.043157	1.199674	0.260285	0.240599	373.642309
475.002869	-5.406391	1.030118	-4.376273	0.809463	-0.043091	1.198093	0.260285	0.240600	373.642447
475.014825	-5.329759	1.015958	-4.313801	0.809380	-0.042761	1.190219	0.260288	0.240603	373.643126
475.074605	-4.962268	0.943856	-4.018412	0.809793	-0.041146	1.151657	0.260302	0.240616	373.646235
475.373504	-3.465471	0.584882	-2.880589	0.831226	-0.033853	0.977546	0.260342	0.240655	373.655480
475.755777	-2.177782	0.693055	-1.484727	0.681761	-0.026180	0.794363	0.260359	0.240672	373.659402
476.149950	-1.337264	0.368585	-0.968678	0.724373	-0.019851	0.643280	0.260354	0.240667	373.658376
476.561636	-0.792624	0.295087	-0.497537	0.627709	-0.014609	0.518120	0.260323	0.240637	373.651131
476.992094	-0.448297	0.197693	-0.250604	0.559014	-0.010306	0.415395	0.260270	0.240585	373.639005
477.443063	-0.236554	0.122555	-0.113999	0.481914	-0.006807	0.331865	0.260197	0.240514	373.622244
477.916507	-0.110592	0.069562	-0.041029	0.370998	-0.003991	0.264636	0.260107	0.240425	373.601374
478.414677	-0.038681	0.024057	-0.014624	0.378068	-0.001750	0.211133	0.259999	0.240320	373.576694
478.935983	-0.000000	0.000000	-0.000000	0.379673	-0.000000	0.169366	0.259879	0.240202	373.548952
478.935983	0.000000	0.000000	0.000000	0.379673	0.000000	0.169366	0.259880	0.240203	373.548952
479.461478	0.018887	0.031762	0.050650	0.372901	0.001305	0.138213	0.259759	0.240085	373.521404
479.986973	0.027374	0.047535	0.074909	0.365429	0.002269	0.115190	0.259646	0.239974	373.495179
479.996649	0.027470	0.047729	0.075199	0.365303	0.002284	0.114828	0.259644	0.239972	373.494704
479.999015	0.027494	0.047775	0.075269	0.365272	0.002288	0.114740	0.259644	0.239972	373.494588
479.999782	0.027501	0.047791	0.075292	0.365262	0.002289	0.114711	0.259644	0.239972	373.494550
480.000548	0.919153	1.105704	2.024857	0.453935	0.076255	0.115104	0.259644	0.239972	373.494593
480.001292	0.922306	1.106498	2.028804	0.454606	0.076238	0.115525	0.259644	0.239972	373.494642
480.005012	0.938028	1.110243	2.048271	0.457961	0.076149	0.117631	0.259645	0.239973	373.494888
480.023610	1.015557	1.126722	2.142279	0.474054	0.075711	0.128090	0.259650	0.239978	373.496139
480.116602	1.377418	1.188732	2.566150	0.536764	0.073590	0.178739	0.259679	0.240007	373.502806
480.512267	2.521752	1.529044	4.050795	0.622533	0.065731	0.366358	0.259832	0.240156	373.537902
480.906740	3.210565	1.022569	4.233133	0.758437	0.059489	0.515365	0.259995	0.240315	373.575409
481.319617	3.634276	0.677135	4.311410	0.842944	0.054310	0.639017	0.260053	0.240372	373.588826
481.751317	3.881668	0.999448	4.881116	0.795242	0.050061	0.740433	0.260110	0.240428	373.602020
482.203649	4.016252	1.191972	5.208225	0.771137	0.046609	0.822848	0.260254	0.240569	373.635028
482.678589	4.081262	0.895529	4.976791	0.820059	0.043833	0.889135	0.260374	0.240686	373.662698
483.178410	4.105444	0.823532	4.928976	0.832920	0.041625	0.941849	0.260453	0.240764	373.681103
483.705733	4.107345	0.871546	4.978890	0.824952	0.039891	0.983247	0.260539	0.240848	373.700783
484.263604	4.098484	0.923591	5.022076	0.816094	0.038547	1.015311	0.260644	0.240951	373.724907
484.855586	4.085665	0.957016	5.042681	0.810217	0.037523	1.039764	0.260767	0.241071	373.753231
485.485881	4.072619	0.975972	5.048591	0.806684	0.036756	1.058090	0.260905	0.241207	373.785130
486.159486	4.061152	0.985504	5.046656	0.804721	0.036191	1.071559	0.261058	0.241356	373.820211
486.882407	4.051928	0.989592	5.041520	0.803712	0.035786	1.081239	0.261224	0.241518	373.858347
487.661932	4.044976	0.990901	5.035877	0.803232	0.035502	1.088021	0.261403	0.241694	373.899652
488.507018	4.040016	0.990998	5.031014	0.803022	0.035309	1.092635	0.261598	0.241885	373.944452
489.428823	4.036654	0.990692	5.027346	0.802939	0.035181	1.095667	0.261810	0.242093	373.993264
490.441460	4.034491	0.990343	5.024834	0.802910	0.035101	1.097581	0.262043	0.242321	374.046799
491.563094	4.033175	0.990074	5.023249	0.802902	0.035053	1.098731	0.262300	0.242574	374.105999
492.817590	4.032424	0.989901	5.022325	0.802900	0.035026	1.099384	0.262588	0.242856	374.172108
494.237038	4.032026	0.989804	5.021830	0.802900	0.035011	1.099728	0.262913	0.243175	374.246796
495.865807	4.031834	0.989756	5.021590	0.802900	0.035004	1.099893	0.263286	0.243541	374.332362
497.767291	4.031752	0.989735	5.021487	0.802900	0.035002	1.099964	0.263720	0.243967	374.432084
500.035703	4.031722	0.989727	5.021449	0.802900	0.035000	1.099990	0.264237	0.244475	374.550813
502.817814	4.031713	0.989725	5.021438	0.802900	0.035000	1.099998	0.264871	0.245098	374.696082
506.354634	4.031711	0.989724	5.021435	0.802900	0.035000	1.100000	0.265674	0.245888	374.880211
511.055174	4.031711	0.989724	5.021435	0.802900	0.035000	1.100000	0.266739	0.246936	375.123976
517.477339	4.031711	0.989724	5.021435	0.802900	0.035000	1.100000	0.268188	0.248363	375.455280
525.082439	4.031712	0.989725	5.021437	0.802900	0.035000	1.099999	0.269894	0.250047	375.845018
529.735189	4.031711	0.989724	5.021435	0.802900	0.035000	1.100000	0.270929	0.251072	376.082079
534.387939	4.031711	0.989724	5.021435	0.802900	0.035000	1.100000	0.271963	0.252096	376.318100
540.561125	4.031711	0.989724	5.021435	0.802900	0.035000	1.100000	0.273332	0.253451	376.629644
547.980516	4.031712	0.989725	5.021436	0.802900	0.035000	1.099999	0.274967	0.255073	377.001667
552.848688	4.031711	0.989724	5.021435	0.802900	0.035000	1.100000	0.276032	0.256133	377.244343
557.716861	4.031711	0.989724	5.021435	0.802900	0.035000	1.100000	0.277095	0.257190	377.485897
563.887946	4.031711	0.989724	5.021435	0.802900	0.035000	1.100000	0.278439	0.258527	377.790490
571.042257	4.031712	0.989725	5.021436	0.802900	0.035000	1.099999	0.279987	0.260071	378.141366
575.987452	4.031711	0.989724	5.021435	0.802900	0.035000	1.100000	0.281050	0.261134	378.382497
580.932647	4.031711	0.989724	5.021435	0.802900	0.035000	1.100000	0.282111	0.262194	378.622487
587.054821	4.031711	0.989724	5.021435	0.802900	0.035000	1.100000	0.283419	0.263503	378.918019
594.066712	4.031712	0.989725	5.021436	0.802900	0.035000	1.099999	0.284910	0.264996	379.254364
594.699141	4.031711	0.989724	5.021436	0.802900	0.035000	1.099999	0.285038	0.265128	379.284589
595.331570	4.031711	0.989724	5.021436	0.802900	0.035000	1.100000	0.285172	0.265262	379.314796
598.493715	4.031711	0.989724	5.021435	0.802900	0.035000	1.100000	0.285843	0.265934	379.465554
599.136132	4.031711	0.989724	5.021435	0.802900	0.035000	1.100000	0.285976	0.266069	379.496126
599.778549	4.031711	0.989724	5.021435	0.802900	0.035000	1.100000	0.286111	0.266205	379.526679
599.939153	4.031711	0.989724	5.021435	0.802900	0.035000	1.100000	0.286145	0.266239	379.534314
599.984887	4.031711	0.989724	5.021435	0.802900	0.035000	1.100000	0.286154	0.266249	379.536488
599.993126	4.031711	0.989724	5.021435	0.802900	0.035000	1.100000	0.286156	0.266250	379.536880
599.995689	4.031711	0.989724	5.021435	0.802900	0.035000	1.100000	0.286156	0.266251	379.537001
599.998251	4.031711	0.989724	5.021435	0.802900	0.035000	1.100000	0.286157	0.266251	379.537123
599.999139	4.031711	0.989724	5.021435	0.802900	0.035000	1.100000	0.286157	0.266252	379.537165
599.999634	4.031711	0.989724	5.021435	0.802900	0.035000	1.100000	0.286157	0.266252	379.537189
600.000000	4.031773	0.989740	5.021513	0.802900	0.035002	1.099946	0.286156	0.266251	379.536950
600.000000	-4.489958	0.866028	-3.623929	0.807119	-0.038980	1.099946	0.286156	0.266251	379.536950
600.000496	-4.487291	0.865607	-3.621685	0.807098	-0.038967	1.099647	0.286156	0.266251	379.536967
600.002973	-4.473982	0.863490	-3.610492	0.806997	-0.038905	1.098151	0.286157	0.266251	379.537051
600.015363	-4.408010	0.852655	-3.555355	0.806567	-0.038593	1.090703	0.286158	0.266253	379.537463
600.077309	-4.092135	0.787904	-3.304232	0.807459	-0.037066	1.054253	0.286167	0.266261	379.539278
600.387042	-2.815320	0.536589	-2.278731	0.809404	-0.030198	0.890281	0.286173	0.266267	379.540741
600.776268	-1.748199	0.457044	-1.291155	0.738563	-0.023134	0.721639	0.286185	0.266280	379.543550
601.178183	-1.057520	0.348244	-0.709276	0.670697	-0.017324	0.582937	0.286152	0.266246	379.535962
601.598276	-0.614666	0.246692	-0.367974	0.598657	-0.012529	0.468478	0.286099	0.266194	379.524237
602.037903	-0.338068	0.161875	-0.176193	0.521176	-0.008611	0.374927	0.286025	0.266119	379.507531
602.498908	-0.170407	0.097187	-0.073220	0.429676	-0.005439	0.299205	0.285931	0.266024	379.486200
602.983382	-0.072413	0.045673	-0.026740	0.369274	-0.002899	0.238565	0.285818	0.265912	379.460887
603.493725	-0.017727	0.010977	-0.006749	0.380737	-0.000888	0.190572	0.285689	0.265782	379.431746
603.777840	-0.000000	0.000000	-0.000000	0.379673	-0.000000	0.169366	0.285614	0.265707	379.414876
603.777840	0.000000	0.000000	0.000000	0.379673	0.000000	0.169366	0.285615	0.265707	379.414876
604.316833	0.019206	0.032325	0.051531	0.372702	0.001334	0.137530	0.285476	0.265568	379.383641
604.855826	0.027639	0.048068	0.075706	0.365077	0.002311	0.114185	0.285343	0.265435	379.353778
605.483440	0.031014	0.055136	0.086150	0.360000	0.003127	0.094726	0.285192	0.265284	379.319792
606.148623	0.031380	0.055786	0.087166	0.360000	0.003722	0.080500	0.285034	0.265125	379.284033
606.862463	0.030539	0.054292	0.084832	0.360000	0.004153	0.070224	0.284864	0.264954	379.245636
607.631471	0.029393	0.052253	0.081646	0.360000	0.004456	0.062991	0.284680	0.264770	379.204145
608.464336	0.028344	0.050389	0.078733	0.360000	0.004663	0.058044	0.284480	0.264569	379.159065
609.371776	0.027532	0.048946	0.076478	0.360000	0.004800	0.054772	0.284262	0.264351	379.109825
610.367318	0.026967	0.047941	0.074908	0.360000	0.004887	0.052691	0.284022	0.264111	379.055723
611.468319	0.026605	0.047299	0.073904	0.360000	0.004940	0.051428	0.283757	0.263845	378.995852
612.697493	0.026392	0.046919	0.073311	0.360000	0.004971	0.050704	0.283461	0.263548	378.929021
614.085250	0.026276	0.046713	0.072989	0.360000	0.004987	0.050317	0.283127	0.263214	378.853618
615.673419	0.026219	0.046611	0.072829	0.360000	0.004995	0.050127	0.282745	0.262832	378.767425
617.521394	0.026193	0.046566	0.072759	0.360000	0.004998	0.050044	0.282302	0.262389	378.667283
619.716792	0.026184	0.046549	0.072733	0.360000	0.004999	0.050013	0.281776	0.261864	378.548539
622.394908	0.026181	0.046544	0.072724	0.360000	0.005000	0.050003	0.281137	0.261225	378.404021
625.775879	0.026180	0.046542	0.072722	0.360000	0.005000	0.050000	0.280333	0.260422	378.222106
630.233073	0.026180	0.046542	0.072722	0.360000	0.005000	0.050000	0.279277	0.259370	377.983183
636.326259	0.026180	0.046542	0.072722	0.360000	0.005000	0.050000	0.277843	0.257941	377.658212
643.884943	0.026180	0.046543	0.072723	0.360000	0.005000	0.050001	0.276078	0.256185	377.257706
648.769884	0.026180	0.046542	0.072722	0.360000	0.005000	0.050000	0.274949	0.255062	377.000404
653.654824	0.026180	0.046542	0.072722	0.360000	0.005000	0.050000	0.273824	0.253945	376.744293
659.855642	0.026180	0.046542	0.072722	0.360000	0.005000	0.050000	0.272403	0.252537	376.420903
667.017290	0.026180	0.046543	0.072723	0.360000	0.005000	0.050001	0.270775	0.250927	376.049764
671.939517	0.026180	0.046542	0.072722	0.360000	0.005000	0.050000	0.269667	0.249830	375.796136
676.861744	0.026180	0.046542	0.072722	0.360000	0.005000	0.050000	0.268563	0.248739	375.543683
682.984354	0.026180	0.046542	0.072722	0.360000	0.005000	0.050000	0.267197	0.247393	375.231298
690.025256	0.026180	0.046543	0.072723	0.360000	0.005000	0.050001	0.265638	0.245858	374.874283
695.038367	0.026180	0.046542	0.072722	0.360000	0.005000	0.050000	0.264538	0.244775	374.621527
700.051478	0.026180	0.046542	0.072722	0.360000	0.005000	0.050000	0.263443	0.243698	374.369956
706.151937	0.026180	0.046542	0.072722	0.360000	0.005000	0.050000	0.262117	0.242398	374.065410
713.058880	0.026180	0.046543	0.072723	0.360000	0.005000	0.050001	0.260627	0.240938	373.722698
719.330162	0.026180	0.046543	0.072723	0.360000	0.005000	0.050002	0.259286	0.239625	373.413436
724.399841	0.026180	0.046543	0.072723	0.360000	0.005000	0.050001	0.258209	0.238571	373.164748
729.114194	0.026180	0.046542	0.072722	0.360000	0.005000	0.050000	0.257212	0.237598	372.934540
734.623849	0.026180	0.046542	0.072722	0.360000	0.005000	0.050000	0.256053	0.236467	372.666771
741.308951	0.026180	0.046542	0.072722	0.360000	0.005000	0.050001	0.254656	0.235106	372.343712
748.103703	0.026180	0.046543	0.072723	0.360000	0.005000	0.050001	0.253247	0.233735	372.017398
753.711231	0.026180	0.046543	0.072723	0.360000	0.005000	0.050001	0.252094	0.232614	371.749641
758.415686	0.026180	0.046542	0.072722	0.360000	0.005000	0.050000	0.251132	0.231680	371.526070
763.396424	0.026180	0.046542	0.072722	0.360000	0.005000	0.050000	0.250118	0.230696	371.290424
769.548364	0.026180	0.046542	0.072722	0.360000	0.005000	0.050000	0.248872	0.229489	371.000854
776.543819	0.026180	0.046543	0.072723	0.360000	0.005000	0.050001	0.247466	0.228129	370.673566
781.549508	0.026180	0.046542	0.072722	0.360000	0.005000	0.050000	0.246469	0.227164	370.440656
786.555197	0.026180	0.046542	0.072722	0.360000	0.005000	0.050000	0.245476	0.226205	370.208811
792.646243	0.026180	0.046542	0.072722	0.360000	0.005000	0.050000	0.244274	0.225046	369.928124
799.553624	0.026180	0.046543	0.072723	0.360000	0.005000	0.050001	0.242920	0.223742	369.611703
805.835586	0.026180	0.046543	0.072723	0.360000	0.005000	0.050002	0.241700	0.222567	369.325658
810.912002	0.026180	0.046543	0.072723	0.360000	0.005000	0.050001	0.240720	0.221625	369.095697
815.623009	0.026180	0.046542	0.072722	0.360000	0.005000	0.050000	0.239815	0.220755	368.883235
821.122600	0.026180	0.046542	0.072722	0.360000	0.005000	0.050000	0.238763	0.219746	368.636355
827.801183	0.026180	0.046542	0.072722	0.360000	0.005000	0.050001	0.237494	0.218530	368.338200
834.603171	0.026180	0.046543	0.072723	0.360000	0.005000	0.050001	0.236212	0.217303	368.036382
840.221478	0.026180	0.046543	0.072723	0.360000	0.005000	0.050001	0.235162	0.216298	367.788481
844.928034	0.026180	0.046542	0.072722	0.360000	0.005000	0.050000	0.234286	0.215461	367.581773
849.900808	0.026180	0.046542	0.072722	0.360000	0.005000	0.050000	0.233365	0.214582	367.364321
856.042321	0.026180	0.046542	0.072722	0.360000	0.005000	0.050000	0.232234	0.213503	367.097101
863.037973	0.026180	0.046543	0.072723	0.360000	0.005000	0.050001	0.230954	0.212285	366.794508
868.051071	0.026180	0.046542	0.072722	0.360000	0.005000	0.050000	0.230046	0.211420	366.578833
873.064169	0.026180	0.046542	0.072722	0.360000	0.005000	0.050000	0.229140	0.210559	366.364122
879.155301	0.026180	0.046542	0.072722	0.360000	0.005000	0.050000	0.228046	0.209519	366.104530
886.053558	0.026180	0.046543	0.072723	0.360000	0.005000	0.050001	0.226815	0.208352	365.812239
892.328694	0.026180	0.046543	0.072723	0.360000	0.005000	0.050002	0.225705	0.207299	365.547907
897.407849	0.026180	0.046543	0.072723	0.360000	0.005000	0.050001	0.224812	0.206453	365.335031
902.126510	0.026180	0.046542	0.072722	0.360000	0.005000	0.050000	0.223987	0.205672	365.138121
907.630954	0.026180	0.046542	0.072722	0.360000	0.005000	0.050000	0.223028	0.204766	364.909459
914.306038	0.026180	0.046542	0.072722	0.360000	0.005000	0.050001	0.221872	0.203675	364.633659
921.099031	0.026180	0.046543	0.072723	0.360000	0.005000	0.050001	0.220705	0.202574	364.354655
926.714484	0.026180	0.046543	0.072723	0.360000	0.005000	0.050001	0.219748	0.201671	364.125274
931.425796	0.026180	0.046542	0.072722	0.360000	0.005000	0.050000	0.218950	0.200919	363.933699
936.405451	0.026180	0.046542	0.072722	0.360000	0.005000	0.050000	0.218109	0.200128	363.732073
942.549343	0.026180	0.046542	0.072722	0.360000	0.005000	0.050000	0.217077	0.199158	363.484521
949.538619	0.026180	0.046543	0.072723	0.360000	0.005000	0.050001	0.215911	0.198063	363.204527
954.551925	0.026180	0.046542	0.072722	0.360000	0.005000	0.050000	0.215083	0.197285	363.004744
959.565230	0.026180	0.046542	0.072722	0.360000	0.005000	0.050000	0.214257	0.196511	362.805835
965.655049	0.026180	0.046542	0.072722	0.360000	0.005000	0.050000	0.213258	0.195576	362.565383
972.551823	0.026180	0.046543	0.072723	0.360000	0.005000	0.050001	0.212136	0.194525	362.294609
978.827310	0.026180	0.046543	0.072723	0.360000	0.005000	0.050002	0.211123	0.193577	362.049637
983.907881	0.026180	0.046543	0.072723	0.360000	0.005000	0.050001	0.210308	0.192815	361.852287
988.627367	0.026180	0.046542	0.072722	0.360000	0.005000	0.050000	0.209554	0.192112	361.669741
994.131211	0.026180	0.046542	0.072722	0.360000	0.005000	0.050000	0.208678	0.191295	361.457799
994.883868	0.026180	0.046542	0.072722	0.360000	0.005000	0.050000	0.208562	0.191186	361.428894
995.636525	0.026180	0.046542	0.072722	0.360000	0.005000	0.050000	0.208443	0.191075	361.400008
999.399809	0.026180	0.046542	0.072722	0.360000	0.005000	0.050000	0.207847	0.190520	361.255858
999.532390	0.026180	0.046542	0.072722	0.360000	0.005000	0.050000	0.207829	0.190501	361.250788
999.664970	0.026180	0.046542	0.072722	0.360000	0.005000	0.050000	0.207808	0.190482	361.245719
999.748599	0.026180	0.046542	0.072722	0.360000	0.005000	0.050000	0.207794	0.190470	361.242521
999.832228	0.026180	0.046542	0.072722	0.360000	0.005000	0.050000	0.207781	0.190457	361.239324
999.880494	0.026180	0.046542	0.072722	0.360000	0.005000	0.050000	0.207774	0.190450	361.237479
999.928760	0.026180	0.046542	0.072722	0.360000	0.005000	0.050000	0.207766	0.190443	361.235634
999.953136	0.026180	0.046542	0.072722	0.360000	0.005000	0.050000	0.207762	0.190440	361.234702
999.977512	0.026180	0.046542	0.072722	0.360000	0.005000	0.050000	0.207758	0.190436	361.233771
999.987213	0.026180	0.046542	0.072722	0.360000	0.005000	0.050000	0.207757	0.190435	361.233400
999.996914	0.026180	0.046542	0.072722	0.360000	0.005000	0.050000	0.207755	0.190433	361.233029
999.998895	0.026180	0.046542	0.072722	0.360000	0.005000	0.050000	0.207755	0.190433	361.232953
999.999766	0.026180	0.046542	0.072722	0.360000	0.005000	0.050000	0.207755	0.190433	361.232920
1000.000000	0.163806	0.267806	0.431613	0.379522	0.031283	0.050003	0.207755	0.190433	361.232912
