Time	P_mech	P_ver	P_El	n	T	C	R	TL
0.000000	0.000000	0.000000	0.000000	0.100000	295.000000	0.000000	0.000000	295.000000
0.000000	0.000000	0.000000	0.000000	0.100000	295.000000	0.000000	0.000000	295.000000
0.000004	0.002288	0.020590	0.022878	0.100000	295.000000	0.000000	0.000000	295.000000
0.000024	0.013727	0.123539	0.137266	0.100000	295.000000	0.000000	0.000000	295.000000
0.000126	0.070913	0.638217	0.709130	0.100000	295.000000	0.000000	0.000000	295.000000
0.000634	0.356663	3.209963	3.566626	0.100000	295.000000	0.000000	0.000000	295.000000
0.003173	1.780859	16.027732	17.808591	0.100000	295.000007	0.000001	0.000012	295.000000
0.015868	8.789449	79.105041	87.894490	0.100000	295.000171	0.000022	0.000300	295.000000
0.079342	41.188167	370.693502	411.881669	0.100000	295.004106	0.000923	0.007172	295.000000
0.396714	153.374895	1380.374057	1533.748953	0.100000	295.084141	0.037005	0.147037	295.000000
0.845293	231.098749	273.096541	504.195290	0.458352	295.156768	0.080224	0.274041	295.000007
1.380570	270.460157	150.537475	420.997632	0.642427	295.186836	0.099856	0.326637	295.000016
1.392807	271.008946	149.374133	420.383079	0.644671	295.187312	0.100171	0.327464	295.000020
1.392807	271.008946	149.374133	420.383079	0.644671	295.187312	0.100171	0.327464	295.000020
2.026419	117.476634	36.880285	154.356919	0.761071	295.199653	0.108483	0.349063	295.000020
2.782875	47.700131	179.415890	227.116021	0.210025	295.363830	0.230055	0.636659	295.000022
3.699369	23.480563	170.378650	193.859212	0.121122	295.502889	0.345576	0.880589	295.000046
4.844242	17.134788	141.686097	158.820885	0.107887	295.550940	0.387643	0.964933	295.000069
6.332442	15.985564	137.963177	153.948740	0.103837	295.607232	0.438199	1.063827	295.000077
8.353083	15.925773	137.765714	153.691487	0.103622	295.682463	0.507739	1.196082	295.000087
11.012526	16.708980	140.315745	157.024726	0.106410	295.780026	0.601023	1.367747	295.000101
11.974263	15.925353	137.764326	153.689679	0.103620	295.815761	0.635996	1.430642	295.000119
12.935999	15.747916	137.174411	152.922328	0.102980	295.851115	0.671018	1.492909	295.000126
13.000000	83.568000	32.854962	116.422961	0.717797	295.796238	0.616813	1.396236	295.000133
13.000000	-317.616272	88.703234	-228.913038	0.720722	295.796238	0.616824	1.396255	295.000123
13.248971	-260.103363	112.528608	-147.574755	0.567370	295.802943	0.623393	1.408063	295.000123
13.846207	-191.115284	134.549046	-56.566239	0.295980	295.826987	0.647071	1.450407	295.000124
14.466817	-58.131779	15.261981	-42.869797	0.737459	295.833602	0.653614	1.462052	295.000129
15.213807	-11.360927	10.210332	-1.150594	0.101276	295.837642	0.657619	1.469167	295.000130
15.763404	-0.000000	0.000000	-0.000000	0.100000	295.837996	0.657969	1.469790	295.000131
15.763404	0.000000	0.000000	0.000000	0.100000	295.837996	0.657969	1.469790	295.000131
16.659100	5.918525	53.266688	59.185213	0.100000	295.845538	0.665462	1.483076	295.000131
17.987922	7.512777	67.619628	75.132405	0.099994	295.867814	0.687697	1.522324	295.000132
19.670571	7.746689	69.750447	77.497136	0.099961	295.898733	0.718813	1.576810	295.000137
20.615336	7.824538	70.460547	78.285085	0.099949	295.916159	0.736476	1.607520	295.000143
21.000000	20.845094	185.898616	206.743710	0.100826	295.888212	0.708180	1.558248	295.000146
21.000000	160.929343	1448.364085	1609.293428	0.100000	295.888212	0.708186	1.558258	295.000141
21.544656	243.861597	223.164837	467.026433	0.522158	295.961027	0.782389	1.686647	295.000141
21.965486	271.008946	149.374133	420.383079	0.644671	295.981425	0.803442	1.722606	295.000155
21.965486	271.008946	149.374133	420.383079	0.644671	295.981425	0.803438	1.722598	295.000160
22.510142	131.928644	40.723496	172.652140	0.764130	295.993218	0.815673	1.743405	295.000160
23.280530	51.650310	79.318016	130.968326	0.394373	296.120742	0.950438	1.968555	295.000162
24.172784	24.758170	180.865724	205.623894	0.120405	296.279244	1.123822	2.248765	295.000189
24.946750	18.396217	145.829762	164.225979	0.112018	296.311737	1.160092	2.306213	295.000223
25.000000	41.710774	886.478661	928.189435	0.044938	296.313982	1.162602	2.310175	295.000230
25.000000	413.231723	150.484929	563.716652	0.733049	296.313982	1.162601	2.310174	295.000231
25.132458	540.558999	127.249733	667.808732	0.809452	296.318240	1.167380	2.317711	295.000231
25.615317	768.702774	131.233211	899.935984	0.854175	296.336238	1.187624	2.349574	295.000232
26.148262	849.073370	133.419458	982.492828	0.864203	296.354983	1.208786	2.382760	295.000236
26.787456	879.910476	132.740106	1012.650582	0.868918	296.379747	1.236865	2.426612	295.000240
26.836958	881.131903	132.762390	1013.894292	0.869057	296.381188	1.238498	2.429156	295.000246
26.836958	881.131903	132.762390	1013.894292	0.869057	296.381188	1.238498	2.429155	295.000246
27.595419	307.754858	50.489642	358.244500	0.859064	296.421623	1.284667	2.500796	295.000246
28.530870	108.778237	176.969045	285.747282	0.380680	296.574987	1.463011	2.772772	295.000255
29.697908	58.294723	1468.317359	1526.612082	0.038186	296.869108	1.818363	3.295514	295.000291
29.750426	0.000000	0.000000	0.000000	0.099908	296.901757	1.858740	3.353521	295.000361
29.750426	-0.000000	0.000000	-0.000000	0.099908	296.901757	1.858730	3.353507	295.000369
30.190382	-931.008817	125.072664	-805.936152	0.865659	296.907769	1.866201	3.364213	295.000369
30.649899	-751.168287	107.297317	-643.870970	0.857159	296.921525	1.883321	3.388710	295.000371
31.316385	-647.124978	97.585578	-549.539400	0.849201	296.937010	1.902630	3.416286	295.000374
32.069092	-168.502895	29.765477	-138.737418	0.823353	296.950935	1.920031	3.441088	295.000378
32.988685	-15.871067	14.284120	-1.586947	0.099990	296.955129	1.925276	3.448554	295.000381
33.231789	-0.000000	0.000000	-0.000000	0.099993	296.955366	1.925570	3.448974	295.000382
33.231789	0.000000	0.000000	0.000000	0.099993	296.955366	1.925570	3.448974	295.000382
34.376187	25.616436	230.551011	256.167447	0.099999	297.273248	2.332205	4.016258	295.000382
35.520585	30.327256	283.743209	314.070465	0.096562	297.326139	2.401373	4.110682	295.000463
35.789449	30.694773	296.124207	326.818980	0.093920	297.346872	2.428630	4.147740	295.000477
35.920429	0.000000	0.000000	0.000000	0.099993	297.357350	2.442433	4.166474	295.000482
35.920429	-0.000000	0.000000	-0.000000	0.099993	297.357350	2.442429	4.166470	295.000485
35.920429	-0.000000	0.000000	-0.000000	0.099993	297.357350	2.442429	4.166470	295.000485
35.920429	0.000000	0.000000	0.000000	0.099993	297.357350	2.442429	4.166470	295.000485
35.976803	0.000000	0.000000	0.000000	0.099993	297.357456	2.442569	4.166660	295.000485
35.976803	-0.000000	0.000000	-0.000000	0.099993	297.357456	2.442569	4.166660	295.000485
35.976803	-0.000000	0.000000	-0.000000	0.099993	297.357456	2.442569	4.166660	295.000485
35.976803	0.000000	0.000000	0.000000	0.099993	297.357456	2.442569	4.166660	295.000485
35.976803	0.000000	0.000000	0.000000	0.099993	297.357456	2.442569	4.166660	295.000485
35.976803	0.000000	0.000000	0.000000	0.099993	297.357456	2.442569	4.166660	295.000485
35.976803	0.000000	0.000000	0.000000	0.099993	297.357456	2.442569	4.166660	295.000485
35.976803	0.000000	0.000000	0.000000	0.099993	297.357456	2.442569	4.166660	295.000485
35.976803	0.000000	0.000001	0.000001	0.099993	297.357456	2.442569	4.166660	295.000485
35.976803	0.000000	0.000001	0.000001	0.099993	297.357456	2.442569	4.166660	295.000485
35.976803	0.000000	0.000002	0.000003	0.099993	297.357456	2.442569	4.166660	295.000485
35.976803	0.000001	0.000005	0.000005	0.099993	297.357456	2.442569	4.166660	295.000485
35.976803	0.000001	0.000010	0.000011	0.099993	297.357456	2.442569	4.166660	295.000485
35.976803	0.000002	0.000020	0.000022	0.099993	297.357456	2.442569	4.166660	295.000485
35.976803	0.000004	0.000039	0.000044	0.099993	297.357456	2.442569	4.166660	295.000485
35.976803	0.000009	0.000079	0.000087	0.099993	297.357456	2.442569	4.166660	295.000485
35.976803	0.000017	0.000157	0.000174	0.099993	297.357456	2.442569	4.166660	295.000485
35.976804	0.000035	0.000314	0.000349	0.099993	297.357456	2.442569	4.166660	295.000485
35.976805	0.000070	0.000628	0.000698	0.099993	297.357456	2.442569	4.166660	295.000485
35.976806	0.000140	0.001256	0.001396	0.099993	297.357456	2.442569	4.166660	295.000485
35.976809	0.000279	0.002513	0.002792	0.099993	297.357456	2.442569	4.166660	295.000485
35.976814	0.000558	0.005025	0.005584	0.099993	297.357456	2.442569	4.166660	295.000485
35.976826	0.001117	0.010051	0.011167	0.099993	297.357456	2.442569	4.166659	295.000485
35.976848	0.002233	0.020101	0.022334	0.099993	297.357456	2.442569	4.166659	295.000485
35.976893	0.004466	0.040200	0.044666	0.099993	297.357456	2.442569	4.166659	295.000485
35.976983	0.008932	0.080394	0.089326	0.099993	297.357455	2.442569	4.166659	295.000485
35.977164	0.017861	0.160765	0.178627	0.099993	297.357455	2.442568	4.166658	295.000485
35.977524	0.035713	0.321439	0.357151	0.099993	297.357455	2.442567	4.166657	295.000485
35.978245	0.071385	0.642510	0.713895	0.099993	297.357453	2.442566	4.166655	295.000485
35.979686	0.142607	1.283555	1.426162	0.099993	297.357451	2.442563	4.166651	295.000485
35.982569	0.284564	2.561261	2.845825	0.099993	297.357447	2.442558	4.166645	295.000485
35.988335	0.566540	5.099233	5.665773	0.099993	297.357443	2.442552	4.166637	295.000485
35.999867	1.122827	10.106159	11.228985	0.099994	297.357446	2.442556	4.166642	295.000485
36.000000	1.075587	9.680970	10.756557	0.099994	297.357446	2.442557	4.166643	295.000485
36.000000	954.297989	181.031947	1135.329936	0.840547	297.357446	2.442557	4.166643	295.000485
36.023064	991.741705	176.985424	1168.727129	0.848566	297.358525	2.443979	4.168572	295.000485
36.046127	1026.570955	176.304396	1202.875351	0.853431	297.359589	2.445382	4.170475	295.000485
36.092255	1089.104649	179.830004	1268.934653	0.858283	297.361735	2.448213	4.174313	295.000486
36.184509	1190.034737	183.338771	1373.373509	0.866505	297.366140	2.454026	4.182194	295.000486
36.369019	1322.221833	206.789357	1529.011190	0.864756	297.375407	2.466266	4.198772	295.000487
36.738037	1438.085976	256.125293	1694.211269	0.848823	297.398359	2.496637	4.239840	295.000490
37.343305	1483.664786	288.764742	1772.429528	0.837080	297.442496	2.555269	4.318840	295.000496
38.022979	1491.049250	300.480177	1791.529427	0.832277	297.503363	2.636606	4.427835	295.000508
38.090481	1491.254859	301.039314	1792.294174	0.832037	297.508246	2.643135	4.436555	295.000524
38.090481	1491.254859	301.039314	1792.294174	0.832037	297.508246	2.643133	4.436553	295.000525
38.914253	474.435841	50.804894	525.240735	0.903273	297.539823	2.685580	4.493138	295.000525
39.738024	188.136350	32.592803	220.729153	0.852340	297.548721	2.697556	4.509071	295.000533
41.071997	97.636981	31.488846	129.125827	0.756138	297.557695	2.709655	4.525154	295.000536
42.713250	83.707114	30.265553	113.972667	0.734449	297.567948	2.723494	4.543530	295.000538
42.743822	0.000000	0.000000	0.000000	0.724861	297.563791	2.717876	4.536073	295.000541
42.743822	-0.000000	0.000000	-0.000000	0.724861	297.563791	2.717878	4.536075	295.000540
43.579357	-1335.995361	175.185303	-1160.810058	0.868873	297.579499	2.739103	4.564235	295.000540
44.294140	-576.508873	111.587407	-464.921466	0.806443	297.616237	2.788881	4.630110	295.000544
44.872131	-403.516271	75.055180	-328.461091	0.813997	297.629456	2.806830	4.653806	295.000554
45.606488	-233.073777	54.404784	-178.668994	0.766577	297.643218	2.825550	4.678487	295.000557
46.472462	-44.831303	40.434270	-4.397033	0.098080	297.651652	2.837036	4.693614	295.000561
47.323037	-0.000000	0.000000	-0.000000	0.099999	297.653391	2.839402	4.696730	295.000563
47.323037	0.000000	0.000000	0.000000	0.099999	297.653391	2.839402	4.696729	295.000564
48.398502	12.619553	113.576099	126.195651	0.100000	297.606040	2.775016	4.611787	295.000564
48.905329	0.000000	0.000000	0.000000	0.099999	297.656196	2.843244	4.701785	295.000551
48.905329	-0.000000	0.000000	-0.000000	0.099999	297.656196	2.843226	4.701762	295.000565
48.905329	-0.000000	0.000000	-0.000000	0.099999	297.656196	2.843226	4.701762	295.000565
48.905329	0.000000	0.000000	0.000000	0.099999	297.656196	2.843226	4.701762	295.000565
48.905329	0.000000	0.000000	0.000000	0.099999	297.656196	2.843226	4.701762	295.000565
48.905329	0.000000	0.000000	0.000000	0.099999	297.656196	2.843226	4.701762	295.000565
48.905329	0.000000	0.000000	0.000000	0.099999	297.656196	2.843226	4.701762	295.000565
48.905329	0.000000	0.000000	0.000000	0.099999	297.656196	2.843226	4.701762	295.000565
48.905329	0.000000	0.000000	0.000000	0.099999	297.656196	2.843226	4.701762	295.000565
48.905329	0.000000	0.000000	0.000000	0.099999	297.656196	2.843226	4.701762	295.000565
48.905329	0.000000	0.000000	0.000000	0.099999	297.656196	2.843226	4.701762	295.000565
48.905329	0.000000	0.000001	0.000001	0.099999	297.656196	2.843226	4.701762	295.000565
48.905329	0.000000	0.000001	0.000001	0.099999	297.656196	2.843226	4.701762	295.000565
48.905329	0.000000	0.000003	0.000003	0.099999	297.656196	2.843226	4.701762	295.000565
48.905329	0.000001	0.000005	0.000006	0.099999	297.656196	2.843226	4.701762	295.000565
48.905329	0.000001	0.000010	0.000011	0.099999	297.656196	2.843226	4.701762	295.000565
48.905329	0.000002	0.000020	0.000022	0.099999	297.656196	2.843226	4.701762	295.000565
48.905330	0.000004	0.000040	0.000045	0.099999	297.656196	2.843226	4.701762	295.000565
48.905330	0.000009	0.000080	0.000089	0.099999	297.656196	2.843226	4.701762	295.000565
48.905330	0.000018	0.000161	0.000178	0.099999	297.656196	2.843226	4.701762	295.000565
48.905331	0.000036	0.000321	0.000357	0.099999	297.656196	2.843226	4.701762	295.000565
48.905332	0.000071	0.000643	0.000714	0.099999	297.656196	2.843226	4.701762	295.000565
48.905335	0.000143	0.001285	0.001428	0.099999	297.656196	2.843226	4.701762	295.000565
48.905341	0.000286	0.002570	0.002856	0.099999	297.656196	2.843226	4.701762	295.000565
48.905352	0.000571	0.005140	0.005711	0.099999	297.656196	2.843226	4.701761	295.000565
48.905375	0.001142	0.010280	0.011422	0.099999	297.656196	2.843225	4.701761	295.000565
48.905421	0.002284	0.020559	0.022844	0.099999	297.656196	2.843225	4.701761	295.000565
48.905513	0.004568	0.041116	0.045684	0.099999	297.656196	2.843225	4.701761	295.000565
48.905697	0.009135	0.082219	0.091355	0.099999	297.656196	2.843225	4.701760	295.000565
48.906064	0.018265	0.164390	0.182656	0.099999	297.656195	2.843224	4.701759	295.000565
48.906799	0.036510	0.328588	0.365098	0.099999	297.656193	2.843222	4.701756	295.000565
48.908270	0.072934	0.656408	0.729341	0.099999	297.656191	2.843218	4.701751	295.000565
48.911210	0.145527	1.309747	1.455274	0.099999	297.656185	2.843211	4.701742	295.000565
48.917090	0.289696	2.607280	2.896976	0.100000	297.656176	2.843198	4.701726	295.000565
48.928851	0.574015	5.166162	5.740176	0.100000	297.656165	2.843183	4.701705	295.000565
48.952372	1.126922	10.142347	11.269269	0.100000	297.656166	2.843184	4.701706	295.000565
48.999415	2.172519	19.552763	21.725281	0.100000	297.656260	2.843312	4.701875	295.000565
49.000000	2.142983	19.286942	21.429925	0.100000	297.656262	2.843315	4.701880	295.000565
49.000000	359.228951	123.984394	483.213345	0.743417	297.656262	2.843315	4.701880	295.000565
49.094086	398.912777	98.986989	497.899766	0.801191	297.658842	2.846833	4.706508	295.000565
49.188171	431.348248	98.531766	529.880014	0.814049	297.661141	2.849969	4.710634	295.000565
49.376343	479.978575	117.831813	597.810388	0.802894	297.666261	2.856955	4.719821	295.000566
49.752686	536.681584	128.890530	665.572114	0.806346	297.678456	2.873610	4.741703	295.000567
50.390092	576.070424	119.851588	695.922013	0.827780	297.743146	2.962319	4.857839	295.000571
50.390092	576.070424	119.851588	695.922013	0.827780	297.743146	2.962295	4.857808	295.000588
51.142778	205.499817	41.001095	246.500912	0.833668	297.768561	2.997309	4.903457	295.000588
51.895464	85.497085	39.779674	125.276759	0.682466	297.782816	3.016978	4.929054	295.000595
52.728022	46.171579	2575.970472	2622.142050	0.017608	297.932932	3.225903	5.198957	295.000599
52.846453	0.000000	0.000000	0.000000	0.099993	298.026237	3.357237	5.366854	295.000641
52.846453	-0.000000	0.000000	-0.000000	0.099993	298.026237	3.357200	5.366808	295.000667
53.316345	-593.304030	104.442363	-488.861667	0.823965	298.030886	3.363777	5.375181	295.000667
53.786237	-515.297547	100.883166	-414.414380	0.804223	298.042924	3.380819	5.396863	295.000668
54.636177	-156.512104	29.761932	-126.750172	0.809843	298.068239	3.416716	5.442464	295.000671
55.581698	-17.177554	15.459745	-1.717809	0.100003	298.072106	3.422197	5.449419	295.000679
56.802580	-371.387230	70.398834	-300.988396	0.810444	298.083401	3.438247	5.469771	295.000680
57.680753	-120.315832	28.212785	-92.103048	0.765511	298.105307	3.469420	5.509246	295.000683
58.558926	-17.672162	15.759304	-1.912858	0.108241	298.108107	3.473400	5.514282	295.000689
58.983821	-0.000000	0.000000	-0.000000	0.099999	298.108157	3.473471	5.514371	295.000690
58.983821	0.000000	0.000000	0.000000	0.099999	298.108157	3.473471	5.514371	295.000690
60.187065	12.928191	116.353834	129.282024	0.100000	298.139262	3.517859	5.570449	295.000690
61.390309	15.205920	135.327204	150.533124	0.101014	298.178616	3.574183	5.641406	295.000699
63.796798	14.551125	130.960176	145.511300	0.100000	298.278255	3.717679	5.821208	295.000710
66.351214	11.786737	106.080781	117.867518	0.100000	298.382394	3.868949	6.009293	295.000738
68.905630	2.312963	20.816763	23.129726	0.100000	298.606089	4.198352	6.414029	295.000768
70.998022	2.605398	23.448694	26.054092	0.100000	298.627580	4.230216	6.452853	295.000834
72.694917	11.604087	104.436937	116.041024	0.100000	298.987419	4.773141	7.106042	295.000840
72.758506	0.000000	0.000000	0.000000	0.099999	298.994136	4.783247	7.118070	295.000948
72.758506	-0.000000	0.000000	-0.000000	0.099999	298.994136	4.783244	7.118067	295.000950
73.250012	-271.594335	107.551840	-164.042495	0.603998	298.997893	4.788992	7.124900	295.000950
73.741517	-203.863045	132.134420	-71.728624	0.351847	299.012518	4.811376	7.151499	295.000951
74.592159	-51.808202	32.547519	-19.260683	0.371769	299.030477	4.838890	7.184160	295.000956
75.547179	-4.938073	4.444263	-0.493809	0.100000	299.031867	4.841013	7.186680	295.000961
75.824356	-0.000000	0.000000	-0.000000	0.100000	299.031188	4.839971	7.185443	295.000961
75.824356	0.000000	0.000000	0.000000	0.100000	299.031188	4.839971	7.185444	295.000961
77.056655	6.488797	58.399145	64.887942	0.100000	299.039222	4.852296	7.200062	295.000961
78.288954	7.610642	68.510621	76.121263	0.099981	299.057096	4.879733	7.232581	295.000964
80.753553	7.202753	64.824761	72.027514	0.100000	299.096820	4.940837	7.304877	295.000969
81.000000	11.858258	107.204811	119.063069	0.099596	299.085954	4.924085	7.285075	295.000981
81.000000	163.088744	1467.798699	1630.887443	0.100000	299.085954	4.924090	7.285081	295.000978
81.557604	245.806713	216.585861	462.392574	0.531597	299.156671	5.033215	7.413856	295.000978
81.956341	271.008946	149.374133	420.383079	0.644671	299.174395	5.060615	7.446107	295.001000
81.956341	271.008946	149.374133	420.383079	0.644671	299.174395	5.060606	7.446098	295.001005
82.513945	129.706077	40.049753	169.755830	0.764074	299.184683	5.076545	7.464843	295.001005
83.071549	64.460156	20.068931	84.529087	0.762580	299.197130	5.095838	7.487518	295.001008
84.084508	26.186293	196.439786	222.626078	0.117625	299.253541	5.183498	7.590343	295.001012
84.555491	20.704618	154.681311	175.385929	0.118052	299.273586	5.214702	7.626867	295.001029
84.821256	18.994173	147.909955	166.904128	0.113803	299.283559	5.230245	7.645044	295.001036
84.953222	0.000000	0.000000	0.000000	0.099999	299.289353	5.239281	7.655607	295.001039
84.953222	-0.000000	0.000000	-0.000000	0.099999	299.289353	5.239278	7.655604	295.001041
84.953222	-0.000000	0.000000	-0.000000	0.099999	299.289353	5.239278	7.655604	295.001041
84.953222	0.000000	0.000000	0.000000	0.099999	299.289353	5.239278	7.655604	295.001041
84.953222	0.000000	0.000000	0.000000	0.099999	299.289353	5.239278	7.655604	295.001041
84.953222	0.000000	0.000000	0.000000	0.099999	299.289353	5.239278	7.655604	295.001041
84.953222	0.000000	0.000000	0.000000	0.099999	299.289353	5.239278	7.655604	295.001041
84.953222	0.000000	0.000000	0.000000	0.099999	299.289353	5.239278	7.655604	295.001041
84.953222	0.000000	0.000000	0.000001	0.099999	299.289353	5.239278	7.655604	295.001041
84.953222	0.000000	0.000001	0.000001	0.099999	299.289353	5.239278	7.655604	295.001041
84.953222	0.000000	0.000002	0.000002	0.099999	299.289353	5.239278	7.655604	295.001041
84.953222	0.000000	0.000004	0.000004	0.099999	299.289353	5.239278	7.655604	295.001041
84.953222	0.000001	0.000007	0.000008	0.099999	299.289353	5.239278	7.655604	295.001041
84.953222	0.000002	0.000014	0.000016	0.099999	299.289353	5.239278	7.655604	295.001041
84.953222	0.000003	0.000029	0.000032	0.099999	299.289353	5.239278	7.655604	295.001041
84.953222	0.000006	0.000058	0.000064	0.099999	299.289353	5.239278	7.655604	295.001041
84.953222	0.000013	0.000115	0.000128	0.099999	299.289353	5.239278	7.655604	295.001041
84.953223	0.000026	0.000231	0.000256	0.099999	299.289353	5.239278	7.655604	295.001041
84.953224	0.000051	0.000461	0.000512	0.099999	299.289353	5.239278	7.655604	295.001041
84.953226	0.000102	0.000922	0.001025	0.099999	299.289353	5.239278	7.655603	295.001041
84.953230	0.000205	0.001845	0.002050	0.099999	299.289353	5.239278	7.655603	295.001041
84.953238	0.000410	0.003690	0.004100	0.099999	299.289352	5.239278	7.655603	295.001041
84.953255	0.000820	0.007379	0.008199	0.099999	299.289352	5.239278	7.655603	295.001041
84.953288	0.001640	0.014758	0.016398	0.099999	299.289352	5.239278	7.655603	295.001041
84.953354	0.003279	0.029514	0.032794	0.099999	299.289352	5.239277	7.655603	295.001041
84.953486	0.006558	0.059022	0.065580	0.099999	299.289352	5.239277	7.655602	295.001041
84.953750	0.013113	0.118020	0.131133	0.099999	299.289351	5.239275	7.655600	295.001041
84.954277	0.026216	0.235941	0.262157	0.099999	299.289349	5.239272	7.655597	295.001041
84.955332	0.052387	0.471486	0.523873	0.099999	299.289345	5.239267	7.655590	295.001041
84.957443	0.104598	0.941388	1.045986	0.099999	299.289338	5.239256	7.655578	295.001041
84.961664	0.208495	1.876466	2.084961	0.099999	299.289325	5.239235	7.655554	295.001041
84.970106	0.414205	3.727862	4.142066	0.100000	299.289302	5.239199	7.655511	295.001041
84.986990	0.817417	7.356793	8.174210	0.100000	299.289268	5.239147	7.655450	295.001041
85.000000	8.405367	75.648500	84.053866	0.100000	299.289226	5.239081	7.655373	295.001041
85.000000	417.895263	145.415973	563.311235	0.741855	299.289226	5.239081	7.655373	295.001041
85.033768	454.215866	119.771025	573.986891	0.791335	299.290306	5.240766	7.657342	295.001041
85.067535	487.485808	113.490956	600.976765	0.811156	299.291246	5.242233	7.659057	295.001041
85.135071	545.951477	129.666327	675.617804	0.808077	299.293205	5.245290	7.662630	295.001041
85.270142	636.799563	153.031481	789.831044	0.806248	299.298115	5.252956	7.671585	295.001042
85.540283	749.221432	131.744853	880.966286	0.850454	299.307495	5.267606	7.688695	295.001043
86.080566	843.459751	133.567335	977.027086	0.863292	299.325081	5.295097	7.720777	295.001046
86.788811	880.028958	132.741937	1012.770895	0.868932	299.344309	5.325186	7.755856	295.001052
86.833659	881.131903	132.762390	1013.894292	0.869057	299.344510	5.325492	7.756213	295.001058
86.833659	881.131903	132.762390	1013.894292	0.869057	299.344510	5.325492	7.756212	295.001058
87.657872	283.332224	49.010104	332.342329	0.852531	299.448216	5.488479	7.945580	295.001058
88.482084	112.667725	138.221155	250.888881	0.449074	299.711690	5.907339	8.427517	295.001090
89.733355	58.521351	1508.232650	1566.754001	0.037352	299.989340	6.355913	8.936675	295.001173
89.788795	0.000000	0.000000	0.000000	0.099908	300.023305	6.411155	8.998920	295.001262
89.788795	-0.000000	0.000000	-0.000000	0.099908	300.023305	6.411137	8.998901	295.001273
90.285230	-915.841170	123.745942	-792.095227	0.864883	300.028560	6.419716	9.008556	295.001273
90.781664	-735.768207	105.635770	-630.132437	0.856428	300.041821	6.441373	9.032923	295.001275
91.522920	-508.999845	71.968506	-437.031339	0.858608	300.063308	6.476497	9.072410	295.001279
92.366574	-108.215681	19.810399	-88.405282	0.816936	300.079605	6.503160	9.102357	295.001286
93.337491	-0.000000	0.000000	-0.000000	0.099993	300.082969	6.508661	9.108534	295.001292
93.337491	0.000000	0.000000	0.000000	0.099993	300.082969	6.508659	9.108532	295.001293
94.390681	25.069763	225.631171	250.700934	0.099999	300.209049	6.715877	9.340489	295.001293
95.443870	30.116264	276.941332	307.057596	0.098080	300.263898	6.806404	9.441417	295.001334
95.979531	30.842981	301.317707	332.160688	0.092856	300.303822	6.872488	9.514939	295.001352
95.989614	0.000000	0.000000	0.000000	0.099993	300.303687	6.872243	9.514667	295.001365
95.989614	-0.000000	0.000000	-0.000000	0.099993	300.303687	6.872243	9.514667	295.001365
95.989614	-0.000000	0.000000	-0.000000	0.099993	300.303687	6.872243	9.514667	295.001365
95.989614	0.000000	0.000000	0.000000	0.099993	300.303687	6.872243	9.514667	295.001365
95.989614	0.000000	0.000000	0.000000	0.099993	300.303687	6.872243	9.514667	295.001365
95.989614	0.000000	0.000000	0.000000	0.099993	300.303687	6.872243	9.514667	295.001365
95.989614	0.000000	0.000000	0.000000	0.099993	300.303687	6.872243	9.514667	295.001365
95.989614	0.000000	0.000000	0.000000	0.099993	300.303687	6.872243	9.514667	295.001365
95.989614	0.000000	0.000001	0.000001	0.099993	300.303687	6.872243	9.514667	295.001365
95.989614	0.000000	0.000002	0.000002	0.099993	300.303687	6.872243	9.514667	295.001365
95.989614	0.000000	0.000003	0.000003	0.099993	300.303687	6.872243	9.514667	295.001365
95.989614	0.000001	0.000006	0.000007	0.099993	300.303687	6.872243	9.514667	295.001365
95.989614	0.000001	0.000012	0.000014	0.099993	300.303687	6.872243	9.514667	295.001365
95.989614	0.000003	0.000025	0.000027	0.099993	300.303687	6.872243	9.514667	295.001365
95.989614	0.000005	0.000049	0.000055	0.099993	300.303687	6.872243	9.514667	295.001365
95.989614	0.000011	0.000099	0.000110	0.099993	300.303687	6.872243	9.514667	295.001365
95.989615	0.000022	0.000197	0.000219	0.099993	300.303687	6.872243	9.514667	295.001365
95.989615	0.000044	0.000395	0.000438	0.099993	300.303687	6.872243	9.514667	295.001365
95.989616	0.000088	0.000789	0.000877	0.099993	300.303687	6.872243	9.514667	295.001365
95.989618	0.000175	0.001578	0.001753	0.099993	300.303687	6.872243	9.514667	295.001365
95.989621	0.000351	0.003156	0.003507	0.099993	300.303687	6.872243	9.514667	295.001365
95.989628	0.000701	0.006312	0.007013	0.099993	300.303687	6.872243	9.514667	295.001365
95.989643	0.001403	0.012624	0.014026	0.099993	300.303687	6.872242	9.514667	295.001365
95.989671	0.002805	0.025247	0.028052	0.099993	300.303687	6.872242	9.514666	295.001365
95.989727	0.005610	0.050492	0.056101	0.099993	300.303687	6.872242	9.514666	295.001365
95.989841	0.011219	0.100974	0.112193	0.099993	300.303686	6.872241	9.514665	295.001365
95.990067	0.022433	0.201912	0.224345	0.099993	300.303685	6.872239	9.514663	295.001365
95.990520	0.044850	0.403680	0.448530	0.099993	300.303683	6.872236	9.514660	295.001365
95.991425	0.089636	0.806781	0.896417	0.099993	300.303679	6.872230	9.514652	295.001365
95.993235	0.179015	1.611251	1.790266	0.099993	300.303672	6.872217	9.514639	295.001365
95.996856	0.357006	3.213285	3.570291	0.099993	300.303658	6.872194	9.514613	295.001365
96.000000	3.394432	30.551898	33.946331	0.099994	300.303642	6.872168	9.514583	295.001365
96.000000	954.138730	181.057490	1135.196221	0.840506	300.303642	6.872168	9.514583	295.001365
96.007242	966.193188	179.330901	1145.524088	0.843451	300.303964	6.872702	9.515177	295.001365
96.014484	977.976734	178.035382	1156.012115	0.845992	300.304283	6.873231	9.515765	295.001365
96.028969	1000.755348	176.551908	1177.307256	0.850038	300.304916	6.874280	9.516931	295.001365
96.057938	1043.320940	176.813807	1220.134747	0.855087	300.306176	6.876368	9.519252	295.001365
96.115875	1117.678754	181.792744	1299.471498	0.860103	300.308740	6.880620	9.523977	295.001366
96.231750	1231.382267	184.836366	1416.218633	0.869486	300.313995	6.889332	9.533658	295.001367
96.463501	1365.472281	224.867964	1590.340245	0.858604	300.325749	6.908832	9.555319	295.001368
96.927002	1461.942413	270.066988	1732.009401	0.844073	300.355268	6.957857	9.609725	295.001372
97.570074	1487.864328	294.362875	1782.227203	0.834834	300.406872	7.043740	9.704870	295.001382
98.088754	1491.254859	301.039314	1792.294174	0.832037	300.443535	7.104884	9.772481	295.001399
98.088754	1491.254859	301.039314	1792.294174	0.832037	300.443535	7.104864	9.772460	295.001411
98.818117	535.071179	55.772406	590.843585	0.905605	300.466573	7.143362	9.814975	295.001411
99.547481	224.489385	35.086698	259.576083	0.864831	300.471692	7.151909	9.824409	295.001419
100.857528	103.851532	31.789600	135.641132	0.765635	300.477198	7.161117	9.834569	295.001420
102.411229	84.198254	30.323242	114.521496	0.735218	300.482922	7.170691	9.845131	295.001422
102.443811	0.000000	0.000000	0.000000	0.724861	300.479202	7.164464	9.838262	295.001424
102.443811	-0.000000	0.000000	-0.000000	0.724861	300.479202	7.164466	9.838264	295.001423
103.379843	-1237.923407	161.001801	-1076.921607	0.869942	300.490625	7.183584	9.859351	295.001423
103.964270	-617.444070	113.649699	-503.794371	0.815935	300.508780	7.213988	9.892864	295.001427
104.548696	-416.799407	77.974113	-338.825294	0.812922	300.521363	7.235070	9.916088	295.001433
105.264583	-274.666097	53.799820	-220.866277	0.804126	300.533561	7.255525	9.938609	295.001437
106.112763	-56.222974	26.170582	-30.052392	0.534522	300.541517	7.268870	9.953296	295.001441
107.097201	-0.000000	0.000000	-0.000000	0.099999	300.540953	7.267919	9.952250	295.001444
107.097201	0.000000	0.000000	0.000000	0.099999	300.540953	7.267919	9.952250	295.001443
108.144456	12.520925	112.688449	125.209374	0.100000	300.543801	7.272700	9.957510	295.001443
108.716254	14.405750	129.651808	144.057558	0.100000	300.560131	7.300124	9.987673	295.001444
108.993593	0.000000	0.000000	0.000000	0.099999	300.570875	7.318172	10.007513	295.001450
108.993593	-0.000000	0.000000	-0.000000	0.099999	300.570875	7.318166	10.007507	295.001453
108.993593	-0.000000	0.000000	-0.000000	0.099999	300.570875	7.318166	10.007507	295.001453
108.993593	0.000000	0.000000	0.000000	0.099999	300.570875	7.318166	10.007507	295.001453
108.993593	0.000000	0.000000	0.000000	0.099999	300.570875	7.318166	10.007507	295.001453
108.993593	0.000000	0.000000	0.000000	0.099999	300.570875	7.318166	10.007507	295.001453
108.993593	0.000000	0.000000	0.000000	0.099999	300.570875	7.318166	10.007507	295.001453
108.993593	0.000000	0.000000	0.000000	0.099999	300.570875	7.318166	10.007507	295.001453
108.993593	0.000000	0.000000	0.000000	0.099999	300.570875	7.318166	10.007507	295.001453
108.993593	0.000000	0.000000	0.000000	0.099999	300.570875	7.318166	10.007507	295.001453
108.993593	0.000000	0.000001	0.000001	0.099999	300.570875	7.318166	10.007507	295.001453
108.993593	0.000000	0.000002	0.000002	0.099999	300.570875	7.318166	10.007507	295.001453
108.993593	0.000000	0.000003	0.000004	0.099999	300.570875	7.318166	10.007507	295.001453
108.993593	0.000001	0.000006	0.000007	0.099999	300.570875	7.318166	10.007507	295.001453
108.993593	0.000001	0.000013	0.000014	0.099999	300.570875	7.318166	10.007507	295.001453
108.993594	0.000003	0.000026	0.000029	0.099999	300.570875	7.318166	10.007507	295.001453
108.993594	0.000006	0.000051	0.000057	0.099999	300.570875	7.318166	10.007507	295.001453
108.993594	0.000011	0.000103	0.000114	0.099999	300.570875	7.318166	10.007507	295.001453
108.993594	0.000023	0.000205	0.000228	0.099999	300.570875	7.318166	10.007507	295.001453
108.993595	0.000046	0.000411	0.000456	0.099999	300.570875	7.318166	10.007507	295.001453
108.993597	0.000091	0.000821	0.000912	0.099999	300.570875	7.318166	10.007507	295.001453
108.993601	0.000182	0.001642	0.001825	0.099999	300.570875	7.318166	10.007507	295.001453
108.993608	0.000365	0.003284	0.003649	0.099999	300.570875	7.318166	10.007507	295.001453
108.993623	0.000730	0.006569	0.007299	0.099999	300.570874	7.318166	10.007506	295.001453
108.993652	0.001460	0.013138	0.014597	0.099999	300.570874	7.318165	10.007506	295.001453
108.993711	0.002919	0.026274	0.029193	0.099999	300.570874	7.318165	10.007506	295.001453
108.993828	0.005838	0.052543	0.058381	0.099999	300.570874	7.318164	10.007505	295.001453
108.994063	0.011674	0.105066	0.116740	0.099999	300.570872	7.318162	10.007503	295.001453
108.994533	0.023339	0.210053	0.233392	0.099999	300.570870	7.318158	10.007499	295.001453
108.995472	0.046643	0.419791	0.466434	0.099999	300.570866	7.318151	10.007491	295.001453
108.997351	0.093147	0.838328	0.931475	0.099999	300.570857	7.318137	10.007475	295.001453
108.999246	0.000000	0.000000	0.000000	0.099999	300.570850	7.318125	10.007461	295.001453
108.999246	-0.000000	0.000000	-0.000000	0.099999	300.570850	7.318125	10.007461	295.001453
108.999246	-0.000000	0.000000	-0.000000	0.099999	300.570850	7.318125	10.007461	295.001453
108.999246	0.000000	0.000000	0.000000	0.099999	300.570850	7.318125	10.007461	295.001453
108.999246	0.000000	0.000000	0.000000	0.099999	300.570850	7.318125	10.007461	295.001453
108.999246	0.000000	0.000000	0.000000	0.099999	300.570850	7.318125	10.007461	295.001453
108.999246	0.000000	0.000000	0.000000	0.099999	300.570850	7.318125	10.007461	295.001453
108.999246	0.000000	0.000000	0.000000	0.099999	300.570850	7.318125	10.007461	295.001453
108.999246	0.000000	0.000000	0.000000	0.099999	300.570850	7.318125	10.007461	295.001453
108.999246	0.000000	0.000000	0.000001	0.099999	300.570850	7.318125	10.007461	295.001453
108.999246	0.000000	0.000001	0.000001	0.099999	300.570850	7.318125	10.007461	295.001453
108.999246	0.000000	0.000002	0.000002	0.099999	300.570850	7.318125	10.007461	295.001453
108.999246	0.000000	0.000004	0.000004	0.099999	300.570850	7.318125	10.007461	295.001453
108.999246	0.000001	0.000007	0.000008	0.099999	300.570850	7.318125	10.007461	295.001453
108.999246	0.000002	0.000015	0.000017	0.099999	300.570850	7.318125	10.007461	295.001453
108.999246	0.000003	0.000030	0.000033	0.099999	300.570850	7.318125	10.007461	295.001453
108.999246	0.000007	0.000060	0.000067	0.099999	300.570850	7.318125	10.007461	295.001453
108.999246	0.000013	0.000120	0.000133	0.099999	300.570850	7.318125	10.007461	295.001453
108.999247	0.000027	0.000240	0.000267	0.099999	300.570850	7.318125	10.007461	295.001453
108.999248	0.000053	0.000480	0.000533	0.099999	300.570850	7.318125	10.007461	295.001453
108.999250	0.000107	0.000960	0.001067	0.099999	300.570850	7.318125	10.007461	295.001453
108.999254	0.000213	0.001920	0.002133	0.099999	300.570850	7.318125	10.007461	295.001453
108.999263	0.000427	0.003840	0.004266	0.099999	300.570850	7.318124	10.007461	295.001453
108.999280	0.000853	0.007679	0.008533	0.099999	300.570850	7.318124	10.007461	295.001453
108.999314	0.001706	0.015358	0.017065	0.099999	300.570850	7.318124	10.007461	295.001453
108.999383	0.003413	0.030715	0.034127	0.099999	300.570849	7.318124	10.007460	295.001453
108.999520	0.006825	0.061422	0.068247	0.099999	300.570849	7.318122	10.007459	295.001453
108.999795	0.013646	0.122818	0.136464	0.099999	300.570848	7.318120	10.007457	295.001453
109.000000	0.082817	0.745357	0.828174	0.099999	300.570846	7.318118	10.007454	295.001453
109.000000	359.464384	123.735763	483.200147	0.743924	300.570846	7.318118	10.007454	295.001453
109.000549	359.720092	123.467302	483.187394	0.744473	300.570862	7.318144	10.007483	295.001453
109.001098	359.975492	123.200801	483.176293	0.745019	300.570878	7.318171	10.007512	295.001453
109.002196	360.485368	122.673634	483.159002	0.746101	300.570909	7.318224	10.007571	295.001453
109.004393	361.501439	121.642302	483.143741	0.748228	300.570972	7.318329	10.007686	295.001453
109.008785	363.518951	119.669055	483.188006	0.752334	300.571095	7.318536	10.007914	295.001453
109.017570	367.496187	116.060781	483.556968	0.759985	300.571335	7.318940	10.008357	295.001454
109.035141	375.225238	110.058903	485.284141	0.773207	300.571792	7.319707	10.009201	295.001454
109.070282	389.825535	102.023671	491.849206	0.792571	300.572635	7.321125	10.010758	295.001454
109.140564	415.916611	96.886744	512.803356	0.811065	300.574185	7.323730	10.013622	295.001454
109.281128	457.830608	107.418675	565.249283	0.809962	300.577375	7.329095	10.019516	295.001455
109.562256	513.118005	128.453059	641.571064	0.799784	300.585253	7.342343	10.034070	295.001456
110.124512	564.730785	123.247338	687.978123	0.820856	300.601850	7.370273	10.064737	295.001458
110.385323	576.070424	119.851588	695.922013	0.827780	300.597692	7.363263	10.057043	295.001464
110.385323	576.070424	119.851588	695.922013	0.827780	300.597692	7.363266	10.057045	295.001462
111.203283	189.357471	39.638452	228.995923	0.826903	300.663450	7.474150	10.178611	295.001462
112.021243	75.825391	88.877814	164.703205	0.460376	300.787953	7.685063	10.408959	295.001484
112.204872	0.000000	0.000000	0.000000	0.099993	300.836344	7.767333	10.498507	295.001526
112.204872	-0.000000	0.000000	-0.000000	0.099993	300.836344	7.767305	10.498479	295.001543
113.538115	-518.661163	101.205063	-417.456100	0.804872	300.844325	7.780905	10.513264	295.001543
114.436037	-152.402231	29.462612	-122.939619	0.806679	300.872501	7.828954	10.565467	295.001545
115.333960	-19.032253	17.128966	-1.903288	0.100003	300.874150	7.831752	10.568506	295.001555
116.566341	-370.685801	70.342561	-300.343240	0.810237	300.882535	7.846065	10.584044	295.001555
117.445622	-118.760718	28.059189	-90.701529	0.763733	300.902021	7.879347	10.620157	295.001558
118.324903	-17.249787	15.404788	-1.844999	0.106958	300.902420	7.880017	10.620885	295.001565
118.742451	-0.000000	0.000000	-0.000000	0.099999	300.901373	7.878229	10.618945	295.001565
118.742451	0.000000	0.000000	0.000000	0.099999	300.901373	7.878229	10.618945	295.001565
119.948201	12.931808	116.386388	129.318196	0.100000	300.930053	7.927278	10.672116	295.001565
121.153950	15.207199	135.331658	150.538857	0.101018	300.966378	7.989481	10.739465	295.001574
123.565449	14.538978	130.850856	145.389835	0.100000	301.060606	8.151366	10.914309	295.001587
126.114406	11.798752	106.188916	117.987668	0.100000	301.158470	8.320229	11.096039	295.001619
128.663362	2.535678	22.821214	25.356892	0.100000	301.390921	8.724459	11.528478	295.001652
130.757893	2.742809	24.685400	27.428209	0.100000	301.407537	8.753380	11.559291	295.001733
132.460169	11.589377	104.304544	115.893921	0.100000	301.763524	9.381140	12.223683	295.001739
132.559717	0.000000	0.000000	0.000000	0.099999	301.771008	9.394218	12.237458	295.001863
132.559717	-0.000000	0.000000	-0.000000	0.099999	301.771008	9.394214	12.237454	295.001866
133.834720	-212.909247	129.850460	-83.058787	0.390114	301.776276	9.403578	12.247303	295.001866
134.724147	-58.069932	15.331338	-42.738594	0.735985	301.794848	9.436610	12.282033	295.001868
135.613574	-7.580044	6.822036	-0.758008	0.100000	301.794139	9.435336	12.280694	295.001874
135.990993	-0.000000	0.000000	-0.000000	0.100000	301.792350	9.432153	12.277349	295.001874
135.990993	0.000000	0.000000	0.000000	0.100000	301.792350	9.432154	12.277350	295.001873
137.208967	6.480894	58.328016	64.808910	0.100000	301.797605	9.441506	12.287179	295.001873
138.426941	7.607879	68.485452	76.093331	0.099981	301.812041	9.467199	12.314176	295.001875
140.862889	7.241933	65.177379	72.419312	0.100000	301.844855	9.525661	12.375558	295.001880
141.000000	5.483809	49.354235	54.838043	0.100000	301.843719	9.523615	12.373412	295.001892
141.000000	164.578865	1434.479127	1599.057992	0.102922	301.843719	9.523616	12.373413	295.001891
141.278790	215.509888	356.059818	571.569706	0.377049	301.891344	9.608618	12.462548	295.001891
141.557580	246.378059	214.698434	461.076493	0.534354	301.910273	9.642420	12.497959	295.001908
141.949685	271.008946	149.374133	420.383079	0.644671	301.926621	9.671647	12.528559	295.001915
141.949685	271.008946	149.374133	420.383079	0.644671	301.926621	9.671637	12.528549	295.001921
142.507264	129.710224	40.050977	169.761202	0.764075	301.935440	9.687419	12.545066	295.001921
143.064844	64.463812	20.069748	84.533561	0.762582	301.946414	9.707059	12.565613	295.001924
144.079811	26.161096	196.120486	222.281582	0.117693	302.000362	9.803762	12.666682	295.001928
144.550778	20.692689	154.628451	175.321140	0.118027	302.019148	9.837456	12.701858	295.001947
144.816536	18.986349	147.882013	166.868362	0.113780	302.028417	9.854093	12.719221	295.001954
144.948497	0.000000	0.000000	0.000000	0.099999	302.033862	9.863872	12.729423	295.001957
144.948497	-0.000000	0.000000	-0.000000	0.099999	302.033862	9.863868	12.729419	295.001959
144.948497	0.000000	0.000000	0.000000	0.099999	302.033862	9.863868	12.729419	295.001959
144.948787	0.000000	0.000000	0.000000	0.099999	302.033859	9.863863	12.729414	295.001959
144.948787	-0.000000	0.000000	-0.000000	0.099999	302.033859	9.863863	12.729414	295.001959
144.948787	0.000000	0.000000	0.000000	0.099999	302.033859	9.863863	12.729414	295.001959
144.949077	0.007211	0.064898	0.072109	0.099999	302.033857	9.863860	12.729410	295.001959
144.949367	0.014418	0.129766	0.144185	0.099999	302.033855	9.863857	12.729407	295.001959
144.949947	0.028823	0.259413	0.288236	0.099999	302.033852	9.863850	12.729401	295.001959
144.951107	0.057594	0.518346	0.575940	0.099999	302.033845	9.863838	12.729387	295.001959
144.953428	0.114975	1.034779	1.149754	0.099999	302.033831	9.863813	12.729362	295.001959
144.958069	0.229102	2.061933	2.291036	0.099999	302.033805	9.863765	12.729312	295.001959
144.967352	0.454842	4.093596	4.548438	0.100000	302.033755	9.863677	12.729220	295.001959
144.985917	0.896429	8.067901	8.964330	0.100000	302.033672	9.863527	12.729064	295.001959
145.000000	9.492789	85.435288	94.928076	0.100000	302.033592	9.863384	12.728914	295.001959
145.000000	417.745232	145.571943	563.317175	0.741581	302.033592	9.863384	12.728914	295.001959
145.037130	457.524471	118.489563	576.014033	0.794294	302.034672	9.865324	12.730938	295.001959
145.074260	493.648039	113.793379	607.441418	0.812668	302.035602	9.866994	12.732680	295.001959
145.148520	556.337506	134.496414	690.833920	0.805313	302.037616	9.870613	12.736455	295.001960
145.297040	651.461112	151.336277	802.797389	0.811489	302.042717	9.879783	12.746019	295.001960
145.594081	764.269997	131.237700	895.507697	0.853449	302.052029	9.896522	12.763474	295.001962
146.188162	852.553451	133.311203	985.864655	0.864777	302.069812	9.928510	12.796816	295.001966
146.833713	881.131903	132.762390	1013.894292	0.869057	302.097537	9.978424	12.848806	295.001972
146.833713	881.131903	132.762390	1013.894292	0.869057	302.097537	9.978406	12.848788	295.001982
147.549734	325.101890	52.097246	377.199136	0.861884	302.102097	9.986622	12.857342	295.001982
148.265756	138.145206	34.166265	172.311471	0.801718	302.097966	9.979175	12.849590	295.001983
149.572296	62.924666	2624.193347	2687.118013	0.023417	302.231902	10.221155	13.101010	295.001982
149.834881	57.564172	1348.453834	1406.018006	0.040941	302.362902	10.458985	13.347154	295.002030
149.877919	0.000000	0.000000	0.000000	0.099908	302.391054	10.510186	13.400028	295.002077
149.877919	-0.000000	0.000000	-0.000000	0.099908	302.391054	10.510167	13.400010	295.002087
150.140504	-983.389404	129.784438	-853.604966	0.868023	302.393563	10.514742	13.404732	295.002087
150.403090	-843.387145	117.152655	-726.234490	0.861093	302.400633	10.527631	13.418032	295.002088
150.928260	-700.362893	102.060833	-598.302061	0.854274	302.412680	10.549599	13.440696	295.002091
151.703209	-349.909379	50.268430	-299.640949	0.856339	302.432975	10.586632	13.478882	295.002095
152.592895	-61.566692	54.099725	-7.466967	0.121283	302.440371	10.600123	13.492790	295.002103
153.238816	-0.000000	0.000000	-0.000000	0.099993	302.440638	10.600605	13.493287	295.002105
153.238816	0.000000	0.000000	0.000000	0.099993	302.440638	10.600605	13.493287	295.002105
154.359628	25.497073	229.476793	254.973866	0.099999	302.684493	11.048049	13.952846	295.002105
155.480440	30.282812	282.292361	312.575173	0.096882	302.734297	11.139776	14.046687	295.002194
155.748393	30.664626	295.082236	325.746862	0.094136	302.753509	11.175235	14.082926	295.002212
155.906210	30.824676	300.669816	331.494492	0.092987	302.765204	11.196839	14.104997	295.002220
155.984792	0.000000	0.000000	0.000000	0.099993	302.771121	11.207774	14.116164	295.002224
155.984792	-0.000000	0.000000	-0.000000	0.099993	302.771121	11.207770	14.116160	295.002226
155.984792	-0.000000	0.000000	-0.000000	0.099993	302.771121	11.207770	14.116160	295.002226
155.984792	0.000000	0.000000	0.000000	0.099993	302.771121	11.207770	14.116160	295.002226
155.984792	0.000000	0.000000	0.000000	0.099993	302.771121	11.207770	14.116160	295.002226
155.984792	0.000000	0.000000	0.000000	0.099993	302.771121	11.207770	14.116160	295.002226
155.984792	0.000000	0.000001	0.000001	0.099993	302.771121	11.207770	14.116160	295.002226
155.984792	0.000000	0.000001	0.000001	0.099993	302.771121	11.207770	14.116160	295.002226
155.984792	0.000000	0.000003	0.000003	0.099993	302.771121	11.207770	14.116160	295.002226
155.984792	0.000001	0.000005	0.000006	0.099993	302.771121	11.207770	14.116160	295.002226
155.984792	0.000001	0.000011	0.000012	0.099993	302.771121	11.207770	14.116160	295.002226
155.984792	0.000002	0.000021	0.000024	0.099993	302.771121	11.207770	14.116160	295.002226
155.984792	0.000005	0.000042	0.000047	0.099993	302.771121	11.207770	14.116160	295.002226
155.984792	0.000009	0.000085	0.000094	0.099993	302.771121	11.207770	14.116160	295.002226
155.984792	0.000019	0.000170	0.000188	0.099993	302.771121	11.207770	14.116160	295.002226
155.984793	0.000038	0.000339	0.000377	0.099993	302.771121	11.207770	14.116160	295.002226
155.984794	0.000075	0.000679	0.000754	0.099993	302.771121	11.207770	14.116160	295.002226
155.984795	0.000151	0.001357	0.001508	0.099993	302.771121	11.207770	14.116160	295.002226
155.984798	0.000302	0.002714	0.003016	0.099993	302.771121	11.207770	14.116160	295.002226
155.984804	0.000603	0.005428	0.006032	0.099993	302.771121	11.207770	14.116160	295.002226
155.984816	0.001206	0.010857	0.012063	0.099993	302.771121	11.207769	14.116160	295.002226
155.984841	0.002412	0.021713	0.024125	0.099993	302.771121	11.207769	14.116160	295.002226
155.984889	0.004825	0.043424	0.048249	0.099993	302.771121	11.207769	14.116159	295.002226
155.984987	0.009648	0.086842	0.096491	0.099993	302.771120	11.207767	14.116158	295.002226
155.985181	0.019294	0.173658	0.192951	0.099993	302.771119	11.207765	14.116155	295.002226
155.985571	0.038576	0.347208	0.385784	0.099993	302.771116	11.207760	14.116150	295.002226
155.986349	0.077104	0.693988	0.771092	0.099993	302.771111	11.207750	14.116140	295.002226
155.987906	0.154018	1.386266	1.540284	0.099993	302.771101	11.207731	14.116121	295.002226
155.991021	0.307279	2.765709	3.072988	0.099993	302.771081	11.207695	14.116084	295.002226
155.997249	0.611541	5.504263	6.115803	0.099993	302.771045	11.207629	14.116016	295.002226
155.997588	0.000000	0.000000	0.000000	0.099993	302.771044	11.207628	14.116015	295.002226
155.997588	-0.000000	0.000000	-0.000000	0.099993	302.771044	11.207628	14.116015	295.002226
155.997588	-0.000000	0.000000	-0.000000	0.099993	302.771044	11.207628	14.116015	295.002226
155.997588	0.000000	0.000000	0.000000	0.099993	302.771044	11.207628	14.116015	295.002226
155.997588	0.000000	0.000000	0.000000	0.099993	302.771044	11.207628	14.116015	295.002226
155.997588	0.000000	0.000000	0.000000	0.099993	302.771044	11.207628	14.116015	295.002226
155.997588	0.000000	0.000000	0.000000	0.099993	302.771044	11.207628	14.116015	295.002226
155.997588	0.000000	0.000000	0.000001	0.099993	302.771044	11.207628	14.116015	295.002226
155.997588	0.000000	0.000001	0.000001	0.099993	302.771044	11.207628	14.116015	295.002226
155.997588	0.000000	0.000002	0.000002	0.099993	302.771044	11.207628	14.116015	295.002226
155.997588	0.000000	0.000004	0.000004	0.099993	302.771044	11.207628	14.116015	295.002226
155.997588	0.000001	0.000007	0.000008	0.099993	302.771044	11.207628	14.116015	295.002226
155.997588	0.000002	0.000015	0.000017	0.099993	302.771044	11.207628	14.116015	295.002226
155.997588	0.000003	0.000030	0.000033	0.099993	302.771044	11.207628	14.116015	295.002226
155.997588	0.000007	0.000060	0.000066	0.099993	302.771044	11.207628	14.116015	295.002226
155.997588	0.000013	0.000120	0.000133	0.099993	302.771044	11.207628	14.116015	295.002226
155.997588	0.000027	0.000239	0.000266	0.099993	302.771044	11.207628	14.116015	295.002226
155.997589	0.000053	0.000478	0.000531	0.099993	302.771044	11.207628	14.116015	295.002226
155.997590	0.000106	0.000956	0.001063	0.099993	302.771044	11.207627	14.116015	295.002226
155.997592	0.000212	0.001913	0.002125	0.099993	302.771044	11.207627	14.116015	295.002226
155.997596	0.000425	0.003825	0.004250	0.099993	302.771044	11.207627	14.116015	295.002226
155.997605	0.000850	0.007650	0.008500	0.099993	302.771044	11.207627	14.116015	295.002226
155.997622	0.001700	0.015300	0.017000	0.099993	302.771044	11.207627	14.116015	295.002226
155.997656	0.003400	0.030599	0.033999	0.099993	302.771044	11.207627	14.116014	295.002226
155.997725	0.006799	0.061195	0.067994	0.099993	302.771043	11.207626	14.116013	295.002226
155.997862	0.013596	0.122377	0.135974	0.099993	302.771043	11.207624	14.116012	295.002226
155.998136	0.027187	0.244701	0.271888	0.099993	302.771041	11.207621	14.116008	295.002226
155.998685	0.054350	0.489189	0.543540	0.099993	302.771037	11.207614	14.116001	295.002226
155.999782	0.108606	0.977529	1.086135	0.099993	302.771030	11.207600	14.115987	295.002226
155.999842	0.000000	0.000000	0.000000	0.099993	302.771029	11.207600	14.115987	295.002226
155.999842	-0.000000	0.000000	-0.000000	0.099993	302.771029	11.207600	14.115987	295.002226
155.999842	-0.000000	0.000000	-0.000000	0.099993	302.771029	11.207600	14.115987	295.002226
155.999842	0.000000	0.000000	0.000000	0.099993	302.771029	11.207600	14.115987	295.002226
155.999842	0.000000	0.000000	0.000000	0.099993	302.771029	11.207600	14.115987	295.002226
155.999842	0.000000	0.000000	0.000000	0.099993	302.771029	11.207600	14.115987	295.002226
155.999842	0.000000	0.000000	0.000000	0.099993	302.771029	11.207600	14.115987	295.002226
155.999842	0.000000	0.000000	0.000001	0.099993	302.771029	11.207600	14.115987	295.002226
155.999842	0.000000	0.000001	0.000001	0.099993	302.771029	11.207600	14.115987	295.002226
155.999842	0.000000	0.000002	0.000002	0.099993	302.771029	11.207600	14.115987	295.002226
155.999842	0.000000	0.000004	0.000004	0.099993	302.771029	11.207600	14.115987	295.002226
155.999842	0.000001	0.000008	0.000008	0.099993	302.771029	11.207600	14.115987	295.002226
155.999842	0.000002	0.000015	0.000017	0.099993	302.771029	11.207600	14.115987	295.002226
155.999842	0.000003	0.000030	0.000034	0.099993	302.771029	11.207600	14.115987	295.002226
155.999842	0.000007	0.000060	0.000067	0.099993	302.771029	11.207600	14.115987	295.002226
155.999842	0.000013	0.000121	0.000134	0.099993	302.771029	11.207600	14.115987	295.002226
155.999843	0.000027	0.000242	0.000268	0.099993	302.771029	11.207600	14.115987	295.002226
155.999843	0.000054	0.000483	0.000537	0.099993	302.771029	11.207600	14.115987	295.002226
155.999844	0.000107	0.000966	0.001074	0.099993	302.771029	11.207600	14.115987	295.002226
155.999846	0.000215	0.001933	0.002148	0.099993	302.771029	11.207600	14.115987	295.002226
155.999851	0.000430	0.003866	0.004295	0.099993	302.771029	11.207600	14.115987	295.002226
155.999859	0.000859	0.007732	0.008591	0.099993	302.771029	11.207600	14.115987	295.002226
155.999877	0.001718	0.015463	0.017181	0.099993	302.771029	11.207599	14.115986	295.002226
155.999911	0.003436	0.030925	0.034361	0.099993	302.771029	11.207599	14.115986	295.002226
155.999981	0.006871	0.061847	0.068718	0.099993	302.771028	11.207598	14.115985	295.002226
155.999985	0.000000	0.000000	0.000000	0.099993	302.771028	11.207598	14.115985	295.002226
155.999985	-0.000000	0.000000	-0.000000	0.099993	302.771028	11.207598	14.115985	295.002226
155.999985	-0.000000	0.000000	-0.000000	0.099993	302.771028	11.207598	14.115985	295.002226
155.999985	0.000000	0.000000	0.000000	0.099993	302.771028	11.207598	14.115985	295.002226
155.999985	0.000000	0.000000	0.000000	0.099993	302.771028	11.207598	14.115985	295.002226
155.999985	0.000000	0.000000	0.000000	0.099993	302.771028	11.207598	14.115985	295.002226
155.999985	0.000000	0.000000	0.000000	0.099993	302.771028	11.207598	14.115985	295.002226
155.999985	0.000000	0.000000	0.000001	0.099993	302.771028	11.207598	14.115985	295.002226
155.999985	0.000000	0.000001	0.000001	0.099993	302.771028	11.207598	14.115985	295.002226
155.999985	0.000000	0.000002	0.000002	0.099993	302.771028	11.207598	14.115985	295.002226
155.999985	0.000000	0.000004	0.000004	0.099993	302.771028	11.207598	14.115985	295.002226
155.999985	0.000001	0.000008	0.000008	0.099993	302.771028	11.207598	14.115985	295.002226
155.999985	0.000002	0.000015	0.000017	0.099993	302.771028	11.207598	14.115985	295.002226
155.999985	0.000003	0.000030	0.000034	0.099993	302.771028	11.207598	14.115985	295.002226
155.999985	0.000007	0.000060	0.000067	0.099993	302.771028	11.207598	14.115985	295.002226
155.999985	0.000013	0.000121	0.000134	0.099993	302.771028	11.207598	14.115985	295.002226
155.999985	0.000027	0.000241	0.000268	0.099993	302.771028	11.207598	14.115985	295.002226
155.999986	0.000054	0.000483	0.000537	0.099993	302.771028	11.207598	14.115985	295.002226
155.999987	0.000107	0.000966	0.001073	0.099993	302.771028	11.207598	14.115985	295.002226
155.999989	0.000215	0.001932	0.002146	0.099993	302.771028	11.207598	14.115985	295.002226
155.999993	0.000429	0.003863	0.004293	0.099993	302.771028	11.207598	14.115985	295.002226
155.999997	0.000000	0.000000	0.000000	0.099993	302.771028	11.207598	14.115985	295.002226
155.999997	-0.000000	0.000000	-0.000000	0.099993	302.771028	11.207598	14.115985	295.002226
155.999997	-0.000000	0.000000	-0.000000	0.099993	302.771028	11.207598	14.115985	295.002226
155.999997	0.000000	0.000000	0.000000	0.099993	302.771028	11.207598	14.115985	295.002226
155.999997	0.000000	0.000000	0.000000	0.099993	302.771028	11.207598	14.115985	295.002226
155.999997	0.000000	0.000000	0.000000	0.099993	302.771028	11.207598	14.115985	295.002226
155.999997	0.000000	0.000001	0.000001	0.099993	302.771028	11.207598	14.115985	295.002226
155.999997	0.000000	0.000001	0.000001	0.099993	302.771028	11.207598	14.115985	295.002226
155.999997	0.000000	0.000003	0.000003	0.099993	302.771028	11.207598	14.115985	295.002226
155.999997	0.000001	0.000005	0.000006	0.099993	302.771028	11.207598	14.115985	295.002226
155.999997	0.000001	0.000010	0.000011	0.099993	302.771028	11.207598	14.115985	295.002226
155.999998	0.000002	0.000021	0.000023	0.099993	302.771028	11.207598	14.115985	295.002226
155.999998	0.000005	0.000041	0.000046	0.099993	302.771028	11.207598	14.115985	295.002226
155.999998	0.000009	0.000082	0.000091	0.099993	302.771028	11.207598	14.115985	295.002226
155.999998	0.000018	0.000164	0.000182	0.099993	302.771028	11.207598	14.115985	295.002226
155.999998	0.000036	0.000328	0.000364	0.099993	302.771028	11.207598	14.115985	295.002226
155.999999	0.000073	0.000656	0.000729	0.099993	302.771028	11.207598	14.115985	295.002226
156.000000	0.000000	0.000000	0.000000	0.099993	302.771028	11.207598	14.115985	295.002226
156.000000	-0.000000	0.000000	-0.000000	0.099993	302.771028	11.207598	14.115985	295.002226
156.000000	-0.004251	0.003826	-0.000425	0.099993	302.771028	11.207598	14.115985	295.002226
156.000000	954.372120	181.020083	1135.392202	0.840566	302.771028	11.207598	14.115985	295.002226
156.000000	954.372692	181.019991	1135.392683	0.840566	302.771028	11.207598	14.115985	295.002226
156.000001	954.373265	181.019899	1135.393164	0.840566	302.771028	11.207598	14.115985	295.002226
156.000001	954.374410	181.019716	1135.394126	0.840567	302.771028	11.207598	14.115985	295.002226
156.000003	954.376700	181.019350	1135.396050	0.840567	302.771028	11.207598	14.115985	295.002226
156.000005	954.381280	181.018618	1135.399898	0.840568	302.771029	11.207598	14.115985	295.002226
156.000011	954.390440	181.017153	1135.407593	0.840571	302.771029	11.207599	14.115986	295.002226
156.000022	954.408760	181.014224	1135.422984	0.840576	302.771029	11.207599	14.115986	295.002226
156.000044	954.445398	181.008370	1135.453768	0.840585	302.771030	11.207601	14.115988	295.002226
156.000087	954.518666	180.996676	1135.515341	0.840604	302.771032	11.207605	14.115992	295.002226
156.000174	954.665171	180.973338	1135.638509	0.840642	302.771036	11.207611	14.115999	295.002226
156.000348	954.958063	180.926870	1135.884933	0.840717	302.771043	11.207625	14.116013	295.002226
156.000697	955.543366	180.834760	1136.378126	0.840867	302.771058	11.207652	14.116040	295.002226
156.001394	956.712053	180.653827	1137.365880	0.841165	302.771087	11.207707	14.116096	295.002226
156.002787	959.041775	180.304953	1139.346727	0.841747	302.771146	11.207815	14.116207	295.002226
156.005574	963.670757	179.657940	1143.328697	0.842864	302.771263	11.208032	14.116428	295.002226
156.011149	972.808121	178.557171	1151.365291	0.844917	302.771496	11.208463	14.116868	295.002226
156.022298	990.610186	177.053690	1167.663876	0.848369	302.771958	11.209316	14.117740	295.002226
156.044595	1024.399093	176.273560	1200.672653	0.853188	302.772873	11.211009	14.119469	295.002226
156.089190	1085.281381	179.536955	1264.818336	0.858053	302.774719	11.214422	14.122953	295.002227
156.178381	1184.239690	183.277216	1367.516906	0.865978	302.778520	11.221452	14.130131	295.002227
156.356762	1315.633401	204.251763	1519.885164	0.865614	302.786513	11.236236	14.145224	295.002229
156.713524	1433.837705	254.000442	1687.838147	0.849511	302.806660	11.273523	14.183275	295.002232
157.343060	1483.654978	288.753194	1772.408172	0.837084	302.844967	11.344493	14.255642	295.002239
158.026057	1491.058879	300.505428	1791.564306	0.832266	302.902347	11.450980	14.364088	295.002253
158.090688	1491.254859	301.039314	1792.294174	0.832037	302.906694	11.459019	14.372271	295.002274
158.090688	1491.254859	301.039314	1792.294174	0.832037	302.906694	11.459016	14.372268	295.002276
158.918418	472.117277	50.597685	522.714962	0.903202	302.934371	11.510480	14.424613	295.002276
159.746148	186.850148	32.525368	219.375517	0.851737	302.939149	11.519352	14.433634	295.002286
161.081920	97.423518	31.476077	128.899596	0.755809	302.941327	11.523399	14.437749	295.002288
162.727274	83.700163	30.264729	113.964892	0.734438	302.943232	11.526944	14.441353	295.002289
162.757869	0.000000	0.000000	0.000000	0.724861	302.938927	11.518932	14.433207	295.002289
162.757869	-0.000000	0.000000	-0.000000	0.724861	302.938927	11.518935	14.433210	295.002288
163.062666	-2052.162661	315.830573	-1736.332089	0.846099	302.950956	11.541322	14.455966	295.002288
163.367463	-1240.337554	161.295933	-1079.041621	0.869958	302.967534	11.572182	14.487322	295.002292
163.925923	-633.058902	113.968843	-519.090059	0.819971	302.983319	11.601581	14.517182	295.002298
164.523023	-419.681622	78.666703	-341.014919	0.812556	302.994660	11.622709	14.538634	295.002304
165.231820	-285.631560	57.127589	-228.503971	0.799996	303.005214	11.642384	14.558604	295.002308
166.076766	-59.134930	20.821759	-38.313172	0.647894	303.011610	11.654306	14.570703	295.002312
167.087326	-0.000000	0.000000	-0.000000	0.099999	303.008621	11.648727	14.565043	295.002315
167.087326	0.000000	0.000000	0.000000	0.099999	303.008621	11.648729	14.565045	295.002314
168.127864	12.495913	112.463345	124.959257	0.100000	303.016173	11.662818	14.579340	295.002314
168.696161	14.388435	129.495972	143.884407	0.100000	303.030978	11.690443	14.607363	295.002316
168.971887	0.000000	0.000000	0.000000	0.099999	303.040946	11.709046	14.626227	295.002322
168.971887	-0.000000	0.000000	-0.000000	0.099999	303.040946	11.709039	14.626220	295.002326
168.971887	-0.000000	0.000000	-0.000000	0.099999	303.040946	11.709039	14.626220	295.002326
168.971887	0.000000	0.000000	0.000000	0.099999	303.040946	11.709039	14.626220	295.002326
168.971887	0.000000	0.000000	0.000000	0.099999	303.040946	11.709039	14.626220	295.002326
168.971887	0.000000	0.000000	0.000000	0.099999	303.040946	11.709039	14.626220	295.002326
168.971887	0.000000	0.000000	0.000000	0.099999	303.040946	11.709039	14.626220	295.002326
168.971887	0.000000	0.000000	0.000000	0.099999	303.040946	11.709039	14.626220	295.002326
168.971887	0.000000	0.000000	0.000000	0.099999	303.040946	11.709039	14.626220	295.002326
168.971887	0.000000	0.000001	0.000001	0.099999	303.040946	11.709039	14.626220	295.002326
168.971887	0.000000	0.000002	0.000002	0.099999	303.040946	11.709039	14.626220	295.002326
168.971887	0.000000	0.000003	0.000004	0.099999	303.040946	11.709039	14.626220	295.002326
168.971887	0.000001	0.000006	0.000007	0.099999	303.040946	11.709039	14.626220	295.002326
168.971887	0.000001	0.000013	0.000014	0.099999	303.040946	11.709039	14.626220	295.002326
168.971888	0.000003	0.000026	0.000029	0.099999	303.040946	11.709039	14.626220	295.002326
168.971888	0.000006	0.000051	0.000057	0.099999	303.040946	11.709039	14.626220	295.002326
168.971888	0.000011	0.000103	0.000114	0.099999	303.040946	11.709039	14.626220	295.002326
168.971888	0.000023	0.000206	0.000229	0.099999	303.040946	11.709039	14.626220	295.002326
168.971889	0.000046	0.000412	0.000457	0.099999	303.040946	11.709039	14.626220	295.002326
168.971891	0.000091	0.000823	0.000915	0.099999	303.040946	11.709039	14.626220	295.002326
168.971895	0.000183	0.001646	0.001829	0.099999	303.040946	11.709039	14.626220	295.002326
168.971902	0.000366	0.003293	0.003659	0.099999	303.040946	11.709039	14.626220	295.002326
168.971917	0.000732	0.006586	0.007317	0.099999	303.040946	11.709038	14.626220	295.002326
168.971946	0.001463	0.013171	0.014634	0.099999	303.040945	11.709038	14.626220	295.002326
168.972005	0.002927	0.026340	0.029267	0.099999	303.040945	11.709037	14.626219	295.002326
168.972123	0.005853	0.052676	0.058529	0.099999	303.040944	11.709036	14.626217	295.002326
168.972358	0.011704	0.105332	0.117036	0.099999	303.040942	11.709032	14.626214	295.002326
168.972829	0.023398	0.210585	0.233984	0.099999	303.040939	11.709026	14.626208	295.002326
168.973771	0.046761	0.420855	0.467617	0.099999	303.040932	11.709014	14.626195	295.002326
168.975654	0.093383	0.840449	0.933832	0.099999	303.040919	11.708989	14.626170	295.002326
168.979421	0.186207	1.675868	1.862075	0.099999	303.040894	11.708941	14.626122	295.002326
168.986955	0.370191	3.331739	3.701931	0.100000	303.040845	11.708850	14.626029	295.002326
168.987734	0.000000	0.000000	0.000000	0.099999	303.040843	11.708847	14.626026	295.002325
168.987734	-0.000000	0.000000	-0.000000	0.099999	303.040843	11.708847	14.626026	295.002325
168.987734	-0.000000	0.000000	-0.000000	0.099999	303.040843	11.708847	14.626026	295.002325
168.987734	0.000000	0.000000	0.000000	0.099999	303.040843	11.708847	14.626026	295.002325
168.987734	0.000000	0.000000	0.000000	0.099999	303.040843	11.708847	14.626026	295.002325
168.987734	0.000000	0.000000	0.000000	0.099999	303.040843	11.708847	14.626026	295.002325
168.987734	0.000000	0.000000	0.000000	0.099999	303.040843	11.708847	14.626026	295.002325
168.987734	0.000000	0.000000	0.000000	0.099999	303.040843	11.708847	14.626026	295.002325
168.987734	0.000000	0.000000	0.000000	0.099999	303.040843	11.708847	14.626026	295.002325
168.987734	0.000000	0.000000	0.000000	0.099999	303.040843	11.708847	14.626026	295.002325
168.987734	0.000000	0.000000	0.000001	0.099999	303.040843	11.708847	14.626026	295.002325
168.987734	0.000000	0.000001	0.000001	0.099999	303.040843	11.708847	14.626026	295.002325
168.987734	0.000000	0.000002	0.000002	0.099999	303.040843	11.708847	14.626026	295.002325
168.987734	0.000000	0.000004	0.000004	0.099999	303.040843	11.708847	14.626026	295.002325
168.987734	0.000001	0.000008	0.000009	0.099999	303.040843	11.708847	14.626026	295.002325
168.987734	0.000002	0.000016	0.000017	0.099999	303.040843	11.708847	14.626026	295.002325
168.987734	0.000003	0.000031	0.000035	0.099999	303.040843	11.708847	14.626026	295.002325
168.987734	0.000007	0.000063	0.000070	0.099999	303.040843	11.708847	14.626026	295.002325
168.987734	0.000014	0.000126	0.000140	0.099999	303.040843	11.708847	14.626026	295.002325
168.987735	0.000028	0.000252	0.000280	0.099999	303.040843	11.708847	14.626026	295.002325
168.987736	0.000056	0.000504	0.000559	0.099999	303.040843	11.708847	14.626026	295.002325
168.987738	0.000112	0.001007	0.001119	0.099999	303.040843	11.708847	14.626026	295.002325
168.987743	0.000224	0.002014	0.002238	0.099999	303.040843	11.708847	14.626026	295.002325
168.987752	0.000448	0.004028	0.004476	0.099999	303.040843	11.708847	14.626026	295.002325
168.987770	0.000895	0.008056	0.008951	0.099999	303.040843	11.708846	14.626025	295.002325
168.987806	0.001790	0.016112	0.017902	0.099999	303.040842	11.708846	14.626025	295.002325
168.987878	0.003580	0.032221	0.035802	0.099999	303.040842	11.708845	14.626024	295.002325
168.988022	0.007159	0.064435	0.071595	0.099999	303.040841	11.708843	14.626022	295.002325
168.988310	0.014316	0.128841	0.143157	0.099999	303.040839	11.708839	14.626018	295.002325
168.988886	0.028618	0.257564	0.286182	0.099999	303.040835	11.708831	14.626010	295.002325
168.990038	0.057184	0.514656	0.571840	0.099999	303.040827	11.708816	14.625995	295.002325
168.992342	0.114158	1.027426	1.141584	0.099999	303.040811	11.708786	14.625965	295.002325
168.996950	0.227480	2.047335	2.274816	0.099999	303.040780	11.708728	14.625906	295.002325
169.000000	1.515415	13.638803	15.154218	0.100000	303.040750	11.708673	14.625850	295.002325
169.000000	359.300716	123.908458	483.209174	0.743572	303.040750	11.708673	14.625850	295.002325
169.009216	363.555499	119.634211	483.189710	0.752407	303.040989	11.709120	14.626302	295.002325
169.018433	367.725193	115.864102	483.589294	0.760408	303.041218	11.709547	14.626736	295.002326
169.036865	375.816891	109.651831	485.468722	0.774132	303.041650	11.710354	14.627554	295.002326
169.073730	391.060022	101.526992	492.587013	0.793890	303.042440	11.711828	14.629049	295.002326
169.147461	418.153838	96.929395	515.083233	0.811818	303.043880	11.714517	14.631775	295.002326
169.294922	461.238345	108.947298	570.185643	0.808927	303.046900	11.720157	14.637492	295.002327
169.589844	517.035647	128.922839	645.958486	0.800416	303.054548	11.734443	14.651974	295.002328
170.179688	567.513739	122.446085	689.959824	0.822532	303.071591	11.766292	14.684248	295.002331
170.386769	576.070424	119.851588	695.922013	0.827780	303.066421	11.756615	14.674444	295.002337
170.386769	576.070424	119.851588	695.922013	0.827780	303.066421	11.756618	14.674447	295.002335
171.209255	188.308011	39.528435	227.836446	0.826505	303.133289	11.881760	14.801138	295.002335
172.031740	75.230161	93.719183	168.949345	0.445282	303.278533	12.154551	15.076565	295.002360
172.214639	0.000000	0.000000	0.000000	0.099993	303.327333	12.246428	15.169112	295.002414
172.214639	-0.000000	0.000000	-0.000000	0.099993	303.327333	12.246393	15.169080	295.002432
173.549054	-518.585533	101.198040	-417.387493	0.804858	303.332003	12.255205	15.177950	295.002432
174.447151	-152.169296	29.444762	-122.724534	0.806500	303.357908	12.304099	15.227145	295.002434
175.345248	-18.966379	17.069679	-1.896700	0.100003	303.357311	12.302953	15.225994	295.002444
176.577925	-370.665931	70.340998	-300.324933	0.810231	303.362635	12.313008	15.236107	295.002443
177.457260	-118.711966	28.053989	-90.657977	0.763680	303.379937	12.345694	15.268974	295.002445
178.336596	-17.235592	15.392866	-1.842726	0.106914	303.378155	12.342314	15.265576	295.002452
178.753898	-0.000000	0.000000	-0.000000	0.099999	303.376076	12.338387	15.261628	295.002451
178.753898	0.000000	0.000000	0.000000	0.099999	303.376076	12.338388	15.261629	295.002451
180.000000	12.975908	116.783281	129.759189	0.100000	303.410380	12.403248	15.326811	295.002451
