Time	P_mech	P_ver	P_El	n
0.000000	0.000000	0.000000	0.000000	0.100000
0.000000	0.000000	0.000000	0.000000	0.100000
0.000000	0.000002	0.000018	0.000020	0.100000
0.000003	0.000012	0.000108	0.000120	0.100000
0.000015	0.000062	0.000556	0.000618	0.100000
0.000074	0.000311	0.002796	0.003107	0.100000
0.000370	0.001546	0.013917	0.015463	0.100000
0.001850	0.007513	0.067617	0.075130	0.100000
0.009250	0.032532	0.306475	0.339007	0.095964
0.046248	0.080941	0.034856	0.115797	0.698994
0.098542	0.069114	0.059571	0.128685	0.537080
0.160944	0.043770	0.188427	0.232197	0.188502
0.234809	0.026953	0.213362	0.240315	0.112159
0.322641	0.019260	0.146740	0.166000	0.116022
0.429100	0.016567	0.139490	0.156058	0.106163
0.561973	0.015858	0.137483	0.153341	0.103415
0.734561	0.015728	0.137097	0.152826	0.102916
0.968749	0.015721	0.137075	0.152796	0.102887
1.277761	0.023799	0.173214	0.197013	0.120801
1.509016	0.023770	0.173005	0.196775	0.120796
1.740271	0.023748	0.172857	0.196606	0.120792
1.835571	0.023711	0.172596	0.196306	0.120784
1.930872	0.023700	0.172524	0.196224	0.120781
2.000000	0.037625	3.796871	3.834496	0.009812
2.000000	-0.091026	0.024465	-0.066561	0.731229
2.065120	-0.013075	0.011595	-0.001480	0.113187
2.096774	-0.000000	0.000000	-0.000000	0.100005
2.096774	0.000000	0.000000	0.000000	0.100005
2.161894	0.011483	0.098072	0.109555	0.104815
2.250194	0.016065	0.145845	0.161910	0.099222
2.353213	0.017411	0.157007	0.174418	0.099823
2.482142	0.017765	0.158596	0.176361	0.100732
2.648164	0.017833	0.158829	0.176662	0.100942
2.872459	0.017839	0.158849	0.176688	0.100962
2.984645	0.017846	0.158872	0.176718	0.100985
3.025781	0.098231	0.038917	0.137148	0.716241
3.066918	0.086625	0.028423	0.115049	0.752944
3.138545	0.064689	0.028877	0.093566	0.691370
3.216253	0.052835	0.057394	0.110230	0.479321
3.309995	0.047776	0.181678	0.229454	0.208215
3.423903	0.046161	0.279223	0.325384	0.141866
3.567829	0.045777	0.310174	0.355951	0.128606
3.757466	0.045717	0.315319	0.361036	0.126628
3.839454	0.045703	0.316563	0.362266	0.126159
3.921442	0.045698	0.316976	0.362674	0.126004
3.976968	0.045697	0.317084	0.362781	0.125963
4.032494	0.736440	0.184282	0.920722	0.799851
4.077023	0.610949	0.098367	0.709316	0.861321
4.141707	0.377857	0.059648	0.437505	0.863663
4.215916	0.232715	0.042537	0.275252	0.845463
4.304786	0.166896	0.034904	0.201800	0.827035
4.412499	0.144263	0.028864	0.173126	0.833280
4.547263	0.138402	0.034631	0.173034	0.799857
4.722746	0.137360	0.036139	0.173499	0.791703
4.961319	0.137321	0.036199	0.173520	0.791383
5.000000	0.130579	0.050556	0.181136	0.720893
5.000000	-0.790043	0.098048	-0.691995	0.875895
5.087571	-0.129656	0.024152	-0.105504	0.813721
5.157586	-0.000000	0.000000	-0.000000	0.099837
5.157586	0.000000	0.000000	0.000000	0.099837
5.228067	0.044832	1.772892	1.817724	0.024664
5.324840	0.064266	0.310162	0.374428	0.171638
5.454107	0.070043	0.158923	0.228966	0.305909
5.617006	0.071148	0.141567	0.212715	0.334476
5.837813	0.071259	0.139962	0.211220	0.337367
6.135299	0.070940	0.144649	0.215589	0.329053
6.381625	0.070923	0.144909	0.215831	0.328603
6.627950	0.070905	0.145179	0.216084	0.328136
6.884291	0.070746	0.147602	0.218348	0.324005
7.136972	0.090622	0.029657	0.120279	0.753429
7.376370	0.090719	0.029474	0.120193	0.754775
7.608801	0.090899	0.029144	0.120043	0.757220
7.848765	0.090955	0.029043	0.119997	0.757973
8.102741	0.090844	0.029243	0.120087	0.756486
8.360419	0.090642	0.029620	0.120261	0.753704
8.606129	0.090625	0.029652	0.120276	0.753470
8.838749	0.090827	0.029275	0.120102	0.756247
8.956503	0.091272	0.028486	0.119758	0.762135
9.000000	0.073697	0.126471	0.200167	0.368175
9.000000	-0.527905	0.078229	-0.449676	0.851813
9.068291	-0.106988	0.022341	-0.084647	0.791185
9.136582	-0.003095	0.002786	-0.000309	0.099983
9.140764	-0.000000	0.000000	-0.000000	0.099984
9.140764	0.000000	0.000000	0.000000	0.099984
9.226640	0.032837	0.323757	0.356594	0.092086
9.323414	0.042323	0.690388	0.732711	0.057762
9.451602	0.045056	0.377578	0.422634	0.106608
9.613290	0.045581	0.327304	0.372885	0.122240
9.832072	0.045636	0.322401	0.368037	0.124000
10.127452	0.045503	0.334398	0.379902	0.119776
10.376272	0.045483	0.336243	0.381726	0.119151
10.625092	0.045461	0.338291	0.383751	0.118464
10.880571	0.045390	0.344862	0.390253	0.116310
10.998102	0.045631	0.322891	0.368522	0.123822
11.037265	0.315848	0.075265	0.391113	0.807563
11.076428	0.250927	0.049165	0.300092	0.836168
11.157870	0.153330	0.036008	0.189338	0.809823
11.244781	0.111552	0.028674	0.140226	0.795514
11.352482	0.096275	0.022848	0.119123	0.808196
11.486055	0.092295	0.026873	0.119168	0.774498
11.660074	0.091575	0.027980	0.119555	0.765967
11.896290	0.091540	0.028038	0.119577	0.765527
12.206738	0.092049	0.027237	0.119286	0.771665
12.435901	0.091835	0.027564	0.119400	0.769143
12.665065	0.091691	0.027792	0.119483	0.767399
12.926463	0.091840	0.027557	0.119397	0.769202
12.972329	0.091633	0.027885	0.119519	0.766687
13.000000	0.102700	0.022102	0.124801	0.822905
13.000000	-0.190290	0.032812	-0.157478	0.827566
13.045865	-0.053883	0.047250	-0.006632	0.123088
13.083575	-0.000000	0.000000	-0.000000	0.100057
13.083575	0.000000	0.000000	0.000000	0.100057
13.168672	0.048281	0.289851	0.338131	0.142787
13.253768	0.062256	0.043323	0.105579	0.589665
13.383057	0.067358	0.027028	0.094387	0.713642
13.539435	0.068337	0.025332	0.093669	0.729557
13.752525	0.068451	0.025160	0.093610	0.731229
14.041665	0.068280	0.025420	0.093700	0.728707
14.297723	0.068196	0.025552	0.093748	0.727438
14.553781	0.068086	0.025730	0.093816	0.725735
14.806657	0.067985	0.025897	0.093882	0.724154
14.991699	0.068409	0.025222	0.093631	0.730624
15.020111	0.247221	0.048168	0.295389	0.836934
15.048523	0.205545	0.040538	0.246084	0.835266
15.140615	0.128023	0.038904	0.166927	0.766940
15.234125	0.102117	0.021933	0.124050	0.823194
15.353743	0.093647	0.025131	0.118778	0.788419
15.504016	0.091783	0.027646	0.119429	0.768514
15.704437	0.091522	0.028066	0.119589	0.765309
15.978146	0.091652	0.027855	0.119507	0.766918
16.302108	0.092909	0.026029	0.118938	0.781154
16.500365	0.091873	0.027506	0.119379	0.769594
16.698623	0.091544	0.028030	0.119574	0.765586
16.961652	0.091629	0.027892	0.119521	0.766638
17.000000	0.091533	0.028048	0.119581	0.765449
