Time	P_mech	P_ver	P_El	n
0.000000	0.000000	0.000000	0.000000	0.100000
0.000000	0.000000	0.000000	0.000000	0.100000
0.000019	0.001929	0.017363	0.019292	0.100000
0.000116	0.011575	0.104177	0.115752	0.100000
0.000601	0.059800	0.538202	0.598002	0.100000
0.003027	0.300807	2.707267	3.008075	0.100000
0.015152	1.502897	13.526075	15.028972	0.100000
0.075779	7.440313	66.962818	74.403131	0.100000
0.378915	35.377702	318.399322	353.777025	0.100000
1.894592	139.430515	1254.874639	1394.305154	0.100000
4.036876	187.063727	214.722218	401.785945	0.465581
6.593201	155.407179	50.383247	205.790426	0.755172
9.619145	131.938162	40.579458	172.517620	0.764781
13.217257	120.874101	37.104111	157.978211	0.765131
17.578467	116.965127	36.333048	153.298176	0.762991
23.021693	115.931741	36.190300	152.122041	0.762097
30.091931	115.742911	36.165966	151.908877	0.761923
39.685645	115.731959	36.164568	151.896526	0.761913
52.344587	115.851217	36.179870	152.031088	0.762023
61.818141	115.806502	36.174113	151.980615	0.761982
71.291695	115.774666	36.170028	151.944694	0.761953
81.978825	115.812355	36.174865	151.987220	0.761987
93.185541	115.927691	36.189774	152.117465	0.762093
103.460480	115.964641	36.194586	152.159227	0.762127
112.551043	115.847044	36.179332	152.026376	0.762019
121.557590	115.776638	36.170281	151.946919	0.761954
131.679136	115.781279	36.170876	151.952155	0.761959
142.936247	115.870697	36.182386	152.053083	0.762041
153.861267	115.992428	36.198216	152.190644	0.762152
163.377264	115.912651	36.187820	152.100471	0.762079
172.142872	115.795863	36.172747	151.968610	0.761972
181.599825	115.766367	36.168966	151.935333	0.761945
192.508746	115.814330	36.175119	151.989449	0.761989
203.926479	115.961035	36.194115	152.155150	0.762124
214.132091	115.990807	36.198004	152.188811	0.762151
222.991577	115.839881	36.178408	152.018290	0.762013
231.868247	115.766944	36.169040	151.935984	0.761946
242.112154	115.776751	36.170296	151.947047	0.761955
253.637646	115.887960	36.184619	152.072580	0.762057
264.634991	116.035455	36.203858	152.239314	0.762191
273.962184	115.916848	36.188365	152.105213	0.762083
282.521116	115.785929	36.171472	151.957401	0.761963
291.976705	115.759313	36.168063	151.927376	0.761938
303.116987	115.817461	36.175522	151.992983	0.761992
314.734664	115.999606	36.199156	152.198762	0.762159
324.854651	116.016767	36.201405	152.218172	0.762174
333.488866	115.832634	36.177475	152.010109	0.762006
342.251926	115.758875	36.168007	151.926882	0.761938
352.623221	115.773220	36.169843	151.943063	0.761951
364.405320	115.907043	36.187093	152.094135	0.762074
375.456259	116.080738	36.209824	152.290562	0.762232
384.600223	115.919583	36.188720	152.108303	0.762086
392.973993	115.777680	36.170415	151.948095	0.761955
402.437846	115.753799	36.167358	151.921157	0.761933
413.792993	115.821072	36.175986	151.997058	0.761995
425.583350	116.039256	36.204358	152.243614	0.762195
435.616632	116.040163	36.204477	152.244640	0.762195
444.053613	115.826465	36.176680	152.003145	0.762000
452.724707	115.752796	36.167229	151.920025	0.761932
463.209517	115.770607	36.169509	151.940116	0.761949
475.210983	115.925240	36.189455	152.114695	0.762091
486.299813	116.122968	36.215414	152.338382	0.762270
495.288116	115.921501	36.188969	152.110470	0.762088
503.511537	115.771614	36.169638	151.941252	0.761950
512.985037	115.749826	36.166850	151.916675	0.761930
524.514917	115.824276	36.176399	152.000675	0.761998
536.440981	116.074553	36.209007	152.283560	0.762226
546.402223	116.059343	36.207002	152.266345	0.762213
554.685577	115.822068	36.176115	151.998183	0.761996
563.286909	115.748637	36.166698	151.915335	0.761929
573.857068	115.768708	36.169265	151.937974	0.761947
586.025224	115.939886	36.191360	152.131246	0.762104
594.898731	115.816041	36.175339	151.991380	0.761991
603.772237	115.755072	36.167521	151.922593	0.761935
614.394856	115.780146	36.170731	151.950877	0.761958
626.275140	115.938397	36.191166	152.129564	0.762103
637.120940	116.088946	36.210908	152.299855	0.762239
646.044762	115.895489	36.185595	152.081084	0.762064
654.415604	115.768752	36.169271	151.938023	0.761947
664.098413	115.754906	36.167499	151.922405	0.761934
675.675807	115.840082	36.178434	152.018516	0.762013
687.379741	116.073378	36.208852	152.282230	0.762225
697.146336	116.017705	36.201528	152.219233	0.762175
705.462389	115.809712	36.174526	151.984238	0.761985
714.270672	115.749780	36.166844	151.916624	0.761930
725.021459	115.778549	36.170526	151.949075	0.761956
737.101339	115.960348	36.194026	152.154373	0.762123
747.954656	116.126370	36.215865	152.342235	0.762273
756.723893	115.894884	36.185516	152.080400	0.762063
764.966195	115.763398	36.168586	151.931983	0.761942
774.677515	115.751534	36.167068	151.918602	0.761931
786.427557	115.845192	36.179093	152.024285	0.762018
798.237833	116.109804	36.213668	152.323473	0.762258
807.920211	116.031031	36.203277	152.234308	0.762187
816.096013	115.805417	36.173974	151.979391	0.761981
824.855324	115.746234	36.166391	151.912625	0.761926
835.698699	115.777350	36.170372	151.947722	0.761955
847.925896	115.977387	36.196250	152.173636	0.762138
856.585204	115.817667	36.175548	151.993215	0.761992
865.244512	115.748592	36.166692	151.915284	0.761929
875.879053	115.771439	36.169615	151.941054	0.761950
888.036342	115.947606	36.192365	152.139971	0.762111
896.866124	115.816588	36.175410	151.991998	0.761991
905.695906	115.753782	36.167356	151.921138	0.761933
916.317093	115.778240	36.170486	151.948726	0.761956
928.250249	115.939682	36.191333	152.131016	0.762104
939.136804	116.100399	36.212423	152.312822	0.762250
948.045233	115.899385	36.186100	152.085485	0.762067
956.370324	115.768246	36.169206	151.937452	0.761947
966.023723	115.753449	36.167313	151.920762	0.761933
977.623146	115.838222	36.178195	152.016416	0.762011
989.381706	116.079664	36.209682	152.289346	0.762231
997.552348	115.820954	36.175971	151.996925	0.761995
1000.000000	115.751781	36.167100	151.918880	0.761932
